58 87
178 318
37 56
35 53
118 192
244 612
5 9
57 101
412 1022
63 108
20 105
206 501
480 1485
362 1177
184 751
54 133
374 900
116 271
149 346
21 40
34 51
153 229
158 484
281 610
106 155
109 161
173 251
68 102
148 315
73 122
209 665
10 13
51 104
270 979
141 233
60 108
165 342
384 1173
2 3
8 15
560 1194
8 13
199 379
102 167
126 188
18 23
214 521
199 312
15 23
8 10
232 461
5 11
212 462
208 588
255 595
202 412
237 509
21 30
247 701
5 7
4 7
303 653
6 9
26 33
59 74
68 98
634 1350
8 11
115 233
309 485
5 9
263 758
305 848
172 305
5 9
250 461
4 4
5 9
267 802
14 21
44 57
7 10
33 40
23 30
10 12
7 9
7 13
250 385
186 342
163 399
215 495
2 2
410 1298
12 16
162 254
133 319
79 89
69 162
575 992
113 210
134 218
311 398
29 37
30 61
112 168
189 377
257 624
149 282
199 391
215 529
69 110
99 158
350 809
187 380
46 60
224 481
86 181
183 536
113 167
742 1001
110 194
143 223
121 182
133 297
83 261
67 94
49 60
3 4
216 433
242 547
221 541
225 446
4 10
124 263
58 66
242 485
7 9
6 11
11 16
6 6
11 13
10 14
14 22
8 10
6 8
237 458
7 8
103 150
279 585
299 806
335 633
6 7
137 228
11 14
19 27
91 181
316 694
262 787
297 706
4 6
6 10
7 8
10 17
274 835
6 6
115 232
205 503
358 834
5 9
306 591
265 542
5 5
176 378
6 7
177 399
7 9
284 648
100 273
104 177
107 301
127 238
297 842
184 268
141 306
211 575
123 256
137 626
88 165
187 818
239 649
199 428
275 790
84 137
243 579
60 71
173 507
172 310
689 1105
103 193
78 131
156 733
128 386
124 203
148 359
134 227
163 278
122 182
185 318
233 646
249 616
167 352
163 268
345 616
141 272
111 178
5 5
119 292
14 20
8 10
7 8
138 219
9 13
5 8
9 11
15 18
87 141
4 4
26 33
121 256
650 2548
5 8
5 10
117 181
233 819
120 199
240 400
40 59
76 114
93 220
248 486
107 169
109 229
327 702
437 1236
229 408
182 412
142 257
207 400
159 386
179 356
154 232
193 382
21 35
6 10
386 991
84 146
88 176
5 8
161 267
5 5
226 671
14 18
184 492
245 456
6 9
155 328
332 569
9 15
35 45
338 669
231 686
417 1023
6 6
4 8
189 493
9 10
48 87
81 198
359 943
199 861
158 349
267 465
234 929
262 901
137 727
87 151
84 172
203 535
174 462
235 697
117 229
295 499
83 133
110 351
189 518
89 121
228 552
86 137
145 610
117 178
211 523
78 146
47 61
339 818
236 479
267 505
396 1986
380 1435
6 7
154 260
87 148
217 1379
100 201
178 297
247 529
134 457
69 106
135 220
56 78
171 266
270 523
4 6
129 157
7 13
89 205
8 9
7 11
174 343
605 858
464 1134
139 238
372 682
60 93
339 826
329 480
174 449
45 76
216 580
125 363
39 60
283 653
54 122
280 622
75 101
197 835
138 724
226 466
134 251
140 265
135 283
293 717
313 1183
150 328
27 40
20 21
260 499
104 183
131 238
65 133
158 290
252 488
221 421
808 1186
227 407
11 14
340 555
7 9
79 141
305 686
78 173
24 29
54 88
231 376
212 443
184 528
144 605
426 1028
145 562
189 1618
37 49
117 171
333 886
112 180
146 253
58 99
187 248
183 421
137 193
89 124
100 167
294 612
80 132
7 8
9 10
120 170
251 462
189 283
195 266
65 95
99 192
115 339
46 108
70 94
95 145
62 72
55 78
186 381
194 358
187 488
214 446
127 294
529 1043
154 225
185 438
211 442
135 231
12 14
297 944
65 108
193 351
8 9
123 283
72 98
92 157
177 325
144 250
5 12
3 3
245 432
10 12
5 10
173 279
46 68
112 242
229 659
195 729
49 69
106 637
92 232
113 361
105 350
140 215
191 370
240 1172
141 330
83 229
56 137
169 493
8 16
81 136
166 329
31 35
108 266
62 121
48 100
70 113
355 972
182 433
208 543
74 92
113 228
166 318
134 302
124 273
162 309
4 7
405 1340
109 176
62 123
2 3
160 323
236 348
143 648
229 603
110 309
429 909
121 291
599 1300
358 597
103 384
107 212
9 12
240 397
189 543
74 135
186 506
122 172
204 435
121 197
157 667
343 635
74 165
7 7
8 16
14 20
252 440
67 81
62 122
35 68
67 128
103 252
143 274
14 18
4 7
7 8
74 122
78 97
58 83
49 65
77 149
159 284
173 374
141 265
18 30
116 222
326 558
32 44
14 14
14 31
104 202
13 28
20 26
87 139
104 357
43 56
44 51
65 133
248 743
144 221
51 86
44 90
114 321
73 153
11 11
525 1368
4 7
11 12
11 17
296 546
272 554
121 248
68 127
363 747
102 271
99 229
139 1390
82 138
71 237
56 79
101 297
8 9
76 103
20 39
63 155
2 4
50 77
288 583
82 115
174 336
128 212
56 123
139 323
9 12
253 1132
98 385
73 176
71 171
277 665
9 11
5 8
44 77
23 32
91 150
75 119
2 2
829 2323
108 276
148 199
120 160
9 25
194 618
449 993
6 8
24 29
1 1
130 230
63 85
166 353
46 62
18 115
89 212
55 225
526 1026
222 707
222 802
11 15
293 996
28 53
5 10
81 136
165 312
77 121
1059 2732
141 175
28 63
104 439
124 410
4 4
17 22
48 74
2 2
2 2
141 688
231 749
372 695
231 474
14 24
62 167
5 7
92 116
92 271
89 370
100 188
4 4
35 73
49 177
35 46
106 175
47 59
124 366
40 49
33 97
192 399
123 343
42 77
18 56
24 126
60 98
4 4
41 87
72 105
3 4
27 56
33 134
359 846
4 11
2 4
4 6
3 3
4 6
4 4
111 295
310 601
31 49
243 525
8 8
56 190
44 55
40 58
19 46
157 195
19 77
17 22
149 485
3 3
36 52
71 189
3 5
30 52
61 117
3 3
647 2641
7 8
3 5
153 654
99 476
13 22
22 44
118 197
3 5
3 3
45 78
48 106
138 329
62 114
359 733
13 17
48 94
50 170
102 136
116 156
196 357
48 68
23 49
84 140
103 212
33 48
12 55
5 7
13 17
2 2
105 278
48 101
71 94
12 17
1 1
55 104
17 30
35 281
4 5
62 170
80 189
17 37
8 9
55 113
19 62
1 1
4 6
16 37
4 5
13 33
44 90
23 36
4 7
4 6
28 56
13 26
20 48
15 17
223 678
15 29
3 7
20 64
5 5
34 46
22 25
35 74
21 41
6 6
7 7
21 98
4 4
149 236
87 164
25 46
66 176
129 366
27 58
18 70
25 90
4 5
2 2
4 4
50 93
4 5
10 18
4 6
6 6
48 69
39 67
29 60
21 48
25 95
17 43
17 35
24 36
2 3
10 21
10 19
5 6
2 2
13 14
26 42
98 128
1 1
4 5
18 21
16 42
21 62
12 18
20 24
7 13
20 38
8 11
30 56
3 3
27 63
21 22
7 9
8 18
5 6
45 91
16 24
3 3
11 18
18 51
26 64
2 2
2 3
11 16
5 7
2 2
8 12
5 6
1 1
14 19
8 12
8 10
5 6
7 9
25 39
3 3
6 9
1 1
22 61
34 75
17 28
1 2
3 5
2 3
3 5
4 10
2 2
3 3
1 1
2 2
17 38
10 12
9 35
2 4
3 5
6 6
4 4
489 1720
1 2
13 18
1 2
5 5
152 336
142 353
236 533
225 474
184 432
138 309
205 532
46 71
85 136
137 284
344 926
93 203
609 1454
75 99
90 127
257 545
631 1937
120 191
194 512
70 91
41 65
824 1707
65 103
195 373
124 304
229 424
232 400
256 542
286 514
231 437
245 743
141 415
34 57
212 579
229 532
189 406
153 322
152 291
229 479
310 905
68 150
235 585
547 866
80 102
146 276
272 745
266 506
404 1564
58 115
105 201
105 176
227 540
303 774
65 112
661 2029
292 638
255 1428
233 434
198 516
295 1025
114 182
94 180
138 359
766 2429
158 356
134 368
147 428
239 829
218 551
93 142
249 680
330 1432
332 1080
279 698
508 1734
207 401
316 566
702 2130
235 606
956 2092
48 79
1292 8261
135 297
382 1199
70 81
141 362
330 861
173 348
130 337
106 332
350 698
492 1375
219 776
153 433
290 793
77 181
80 259
218 497
129 192
84 213
374 1110
189 820
307 656
222 660
581 983
193 647
140 301
202 561
540 1926
206 340
209 433
148 240
324 718
275 624
149 230
107 189
223 606
1239 3447
57 91
76 141
447 957
127 217
56 112
809 2612
603 3255
225 426
156 380
375 975
427 1197
186 482
172 256
246 427
189 296
182 323
158 255
161 265
1170 3187
330 697
338 1319
38 75
395 773
120 213
222 497
210 575
229 526
246 506
205 391
182 397
178 362
54 106
87 161
536 1879
129 287
420 1846
315 1152
161 394
248 1206
232 1178
262 820
119 298
304 866
1156 3765
300 649
102 142
110 208
955 3584
204 378
237 433
402 1389
251 742
62 128
358 984
782 1247
196 390
295 683
680 1863
258 507
445 1976
734 2679
339 723
1047 1990
258 537
302 1108
468 785
319 1006
271 658
1672 2689
324 1370
166 391
187 308
260 443
394 1424
89 150
516 793
347 692
198 343
374 903
230 423
124 214
94 213
477 1079
318 943
258 393
436 960
308 996
1154 2437
160 349
243 372
376 1292
1173 3005
259 492
187 441
323 717
388 687
197 491
193 313
309 630
319 1326
235 434
251 455
449 859
332 802
249 423
230 401
157 323
228 373
170 276
203 318
471 1548
156 423
351 1445
265 785
103 389
115 283
142 321
470 1580
338 761
334 1493
150 342
180 292
319 640
206 403
53 116
187 418
79 163
184 406
99 341
237 508
103 243
182 374
373 662
343 628
244 562
100 274
386 784
273 633
663 1864
301 836
200 375
495 1381
783 2440
255 715
1179 3392
237 764
121 214
185 431
102 171
1040 1681
251 374
205 460
268 507
520 1468
901 3529
90 134
162 407
138 199
215 456
1425 5699
356 716
82 108
320 617
152 270
251 523
196 680
149 357
128 310
490 1470
137 256
162 290
365 1070
340 1034
230 786
147 227
584 1104
123 169
115 254
250 703
183 367
130 239
376 1007
245 458
223 665
215 428
129 222
135 246
350 1376
550 1792
603 1765
433 1037
262 1090
94 194
101 317
98 145
199 469
252 544
167 448
173 406
486 2428
223 358
520 1692
162 400
71 153
414 1347
300 1580
75 114
52 87
196 456
170 294
153 484
184 306
131 203
301 896
58 99
249 376
491 1481
6 7
65 177
90 155
518 1176
439 1000
280 1487
213 455
93 131
334 1404
224 712
691 1900
102 266
300 759
366 871
157 581
686 1502
708 2308
417 752
384 783
395 905
577 1439
206 782
211 351
219 601
187 351
178 341
353 742
182 312
178 385
326 705
111 187
259 519
94 468
230 310
154 225
128 245
168 231
160 301
285 1030
227 622
540 1670
126 252
236 986
203 604
119 257
282 943
197 380
205 431
478 1731
168 443
188 536
444 999
209 624
746 1920
67 143
72 121
243 939
89 241
64 88
279 1064
9 15
242 817
392 1182
301 774
330 944
104 163
222 535
342 1767
938 2199
322 696
1107 3898
334 496
193 313
4548 17880
186 423
30 72
65 88
164 296
625 1278
351 522
249 510
373 1355
7 10
281 593
182 344
418 739
297 741
119 207
578 1150
217 741
401 945
4 10
383 783
643 1732
71 129
787 1691
400 655
195 397
751 2678
275 492
195 302
481 967
407 1672
193 405
718 1766
135 288
173 406
192 287
234 319
186 315
254 622
130 374
187 1001
173 299
264 966
220 409
110 180
191 738
183 276
95 242
190 622
381 1051
179 249
611 1047
346 1210
171 368
214 979
218 575
179 427
186 459
108 299
182 821
105 245
183 337
204 496
239 575
256 609
83 145
398 2363
482 912
177 563
225 312
121 379
74 116
638 1603
162 325
473 1748
35 79
57 73
223 355
176 570
166 407
274 1196
244 955
135 377
886 1601
160 425
168 287
57 143
213 469
317 2057
17 18
3 6
867 1927
207 374
241 352
401 870
250 371
171 457
501 1490
106 279
460 1056
869 1734
674 2129
143 292
200 658
162 986
173 379
301 689
736 1609
214 611
331 1360
181 339
175 486
170 326
133 268
214 410
146 325
570 1362
274 523
82 106
140 261
473 812
153 236
631 1322
347 1287
536 1597
211 481
218 362
185 685
307 738
192 369
248 935
228 574
131 322
213 409
190 621
187 311
316 555
400 1270
126 416
76 154
178 312
339 1463
185 404
215 582
174 351
474 1611
87 229
200 436
452 1824
179 363
252 472
136 195
143 184
104 184
191 410
149 287
61 214
265 833
416 694
3 6
519 1244
1346 1786
230 531
137 334
192 570
289 574
178 523
198 374
29 30
507 1022
882 1786
515 1905
285 1066
45 126
231 449
886 1880
81 220
225 460
147 357
490 1840
197 460
629 2222
58 137
19 25
694 1487
761 2579
418 924
71 168
376 754
2667 13386
90 149
146 282
962 3299
76 161
12 16
370 1103
98 143
182 363
378 831
775 1805
140 207
410 795
344 727
393 777
324 1051
115 224
828 1559
1004 1806
290 581
185 259
163 357
345 1094
181 406
186 490
52 90
73 160
160 392
96 227
281 551
194 461
153 515
639 1917
517 935
37 57
347 833
288 637
143 274
478 1261
536 1149
914 1752
207 322
177 335
760 1863
266 513
183 426
328 1368
748 1886
229 354
208 456
253 744
194 804
485 952
120 166
406 634
196 353
163 446
113 254
441 517
327 1333
199 638
213 470
493 2762
232 985
184 323
204 333
308 1257
244 893
273 762
254 750
25 43
320 618
422 877
150 382
225 517
168 432
581 975
43 88
190 356
159 245
305 741
289 755
201 280
658 1895
552 1424
88 219
206 404
244 533
112 182
314 1275
172 388
179 769
118 299
377 820
641 1245
141 244
174 411
180 482
187 484
159 305
34 49
203 697
145 228
349 700
199 442
525 2273
9 9
233 483
222 388
461 1634
350 1228
325 774
356 578
170 276
120 256
72 137
118 197
229 443
297 670
610 1380
308 521
471 976
470 934
157 592
99 236
117 232
179 282
521 1274
5 9
4 14
122 249
292 937
866 2539
166 253
123 236
139 241
253 538
124 267
423 801
314 673
347 716
108 164
137 229
1212 6256
144 342
148 303
385 832
122 239
793 1901
129 196
519 1337
140 371
10 16
202 421
561 936
505 1296
27 54
158 391
133 185
173 321
157 328
210 555
413 645
184 391
197 287
264 692
184 758
489 688
185 248
844 2036
300 1199
196 774
128 296
169 341
256 907
92 149
224 707
207 433
71 305
294 1165
145 290
162 343
208 313
330 788
127 212
707 1420
267 1413
1094 2387
173 363
166 274
478 1044
138 424
200 556
209 1209
384 979
80 218
107 201
272 798
129 515
200 273
280 616
290 710
44 82
103 224
218 291
76 138
313 704
143 286
290 1268
113 237
53 101
46 117
116 279
95 178
70 174
142 322
54 81
448 1018
331 1366
131 185
34 52
184 441
56 100
55 93
101 211
112 243
49 88
111 227
65 120
128 284
93 228
25 38
83 123
145 257
301 414
413 1309
319 801
51 133
34 56
180 772
47 112
47 83
195 616
10 14
287 654
41 69
215 471
141 239
118 227
412 1212
305 611
410 938
336 701
202 332
207 550
242 397
84 187
112 226
416 1468
173 509
215 379
430 1025
221 514
260 612
250 336
184 602
280 586
216 437
129 259
780 1662
283 537
145 185
98 183
40 70
134 233
243 479
387 696
32 50
121 220
98 226
91 140
122 175
195 316
14 23
72 147
78 121
39 80
54 107
63 121
812 2047
216 509
300 484
190 462
404 1053
160 425
1440 2356
60 122
73 134
79 159
43 76
184 821
305 1220
185 265
113 245
114 200
458 897
71 136
144 287
24 37
203 318
235 378
302 566
164 273
226 401
169 300
445 901
296 628
1095 2914
300 1073
339 572
123 267
45 87
60 104
154 321
51 67
1391 1838
219 400
460 897
511 1365
269 583
216 446
26 48
791 2140
186 304
68 135
218 365
86 146
215 511
58 153
195 360
600 1561
224 540
96 169
496 937
514 1241
580 1193
284 583
221 363
243 618
186 401
465 1312
159 262
223 546
118 206
581 1757
45 70
408 913
166 331
453 968
729 1892
245 481
219 390
356 1173
175 300
171 350
144 267
3 3
36 57
94 162
249 514
458 1297
433 913
97 190
863 2590
160 300
174 295
271 436
87 174
38 77
6 6
137 196
418 744
191 347
194 308
204 467
135 272
50 66
487 949
74 215
211 444
127 267
129 350
107 183
143 275
195 478
61 118
136 315
154 327
174 336
268 774
253 827
293 551
240 426
179 853
562 1080
266 742
179 409
212 439
215 386
700 1726
104 176
335 945
239 661
104 242
202 442
458 829
734 1772
336 588
403 986
563 2002
104 288
1472 1932
4 4
290 446
10 16
10 13
176 404
87 188
143 208
316 1080
681 4321
114 285
222 788
1061 1323
4 7
129 320
65 118
438 924
95 119
142 214
110 207
132 185
5 10
5 6
673 1243
418 1099
268 441
162 278
634 2120
130 208
221 442
80 159
188 300
197 394
9 11
7 10
410 1004
9 16
241 402
317 529
488 947
224 442
388 656
7 9
222 699
357 812
433 928
965 1998
184 302
4 9
173 376
282 1688
16 22
344 790
361 522
315 544
234 549
215 464
237 359
755 1779
265 474
383 1761
128 278
106 194
740 1841
193 471
20 33
129 391
24 41
322 807
75 103
325 592
6 11
397 933
4 4
103 179
92 137
102 246
672 1371
128 244
53 78
345 661
205 321
289 484
281 490
304 639
207 358
96 144
287 533
188 358
149 217
285 572
380 629
255 486
132 240
361 887
178 337
234 484
419 711
65 101
573 1644
203 468
167 412
64 148
228 878
467 1079
209 402
187 309
68 102
9 19
1091 2219
219 796
259 920
793 1430
69 199
160 219
109 191
247 522
177 258
224 381
411 1594
262 654
147 256
130 272
186 365
89 162
374 775
114 151
212 312
206 363
241 628
115 215
267 627
276 401
90 151
164 345
356 688
116 198
257 866
552 1414
243 392
60 81
50 67
118 168
82 233
19 29
39 65
160 264
168 292
37 45
127 250
33 37
59 94
23 28
58 287
206 394
14 16
19 30
25 30
7 9
9 11
320 1258
81 147
197 516
217 418
72 99
137 185
56 79
113 187
276 580
1020 3411
181 460
132 303
154 230
180 319
174 330
122 333
192 431
105 203
104 218
143 287
148 415
13 18
78 117
209 409
207 385
51 78
93 165
218 1286
340 584
331 751
227 402
164 287
141 389
132 190
606 1370
242 452
129 360
328 888
92 142
1336 2075
179 381
539 1374
205 291
441 1892
88 160
161 277
222 595
150 372
356 750
90 120
85 116
152 338
78 344
129 259
130 338
99 219
159 220
99 161
293 438
45 69
130 226
54 88
41 63
253 564
149 478
65 108
108 192
86 126
68 115
141 369
104 341
318 750
333 606
83 198
211 327
398 720
140 316
272 799
170 190
162 326
217 372
325 705
176 304
94 135
106 168
132 215
133 289
161 308
44 79
92 120
215 403
164 294
296 654
505 2041
313 1240
409 917
92 194
210 641
148 235
145 219
723 1588
317 577
571 1515
48 58
653 1428
180 299
40 61
162 414
152 378
111 355
235 518
83 148
482 861
281 982
410 1553
198 311
266 560
310 816
216 381
415 1556
614 836
201 369
198 378
284 476
222 484
551 1471
1455 2154
491 1271
602 1530
57 188
344 1453
252 543
226 532
649 1305
293 546
440 976
240 411
218 716
512 887
291 468
829 2673
322 598
175 507
328 658
440 1724
163 346
447 1250
370 628
613 1254
259 586
419 1719
258 591
331 502
289 404
598 1090
85 129
468 1681
455 745
133 308
214 768
111 581
166 333
255 427
405 942
192 341
422 965
252 439
206 418
234 321
75 202
142 365
167 418
1017 3695
333 689
202 744
204 711
774 2328
70 100
824 1879
413 797
261 612
487 1422
855 2477
30 41
408 998
83 126
173 378
148 311
668 2149
77 166
183 363
287 655
137 273
119 222
66 87
223 339
17 43
34 65
142 246
56 118
177 342
49 80
17 41
204 456
140 252
169 522
110 151
94 133
204 276
83 267
388 705
431 1443
486 905
325 1508
211 749
332 486
66 125
299 528
271 586
232 578
77 105
93 166
199 531
104 148
128 482
56 123
14 18
240 576
92 241
211 471
478 1465
462 2066
168 224
22 32
99 192
54 75
198 299
264 679
499 974
112 305
301 1516
125 220
764 1015
134 209
138 334
352 681
143 183
204 479
375 871
238 687
23 35
177 345
89 256
328 531
185 259
239 373
208 896
194 357
93 132
157 335
655 1301
126 267
108 191
247 540
661 1236
661 1415
78 116
323 569
885 3305
166 929
284 987
866 2417
344 678
329 1319
183 570
268 594
131 238
109 241
329 656
371 1412
8 13
234 461
478 1131
86 137
349 1397
547 1407
124 215
91 278
1360 5221
196 452
425 737
187 600
81 110
308 977
116 244
722 1887
69 96
230 546
379 1018
125 205
369 907
1000 1972
274 554
486 1091
322 438
607 1194
590 1110
204 466
258 409
171 345
154 233
247 628
122 233
322 614
396 802
250 528
400 986
210 352
314 433
343 1110
1031 1633
384 563
488 1065
152 190
101 144
65 87
243 488
471 1641
21 47
655 2178
1092 2510
8 9
176 294
696 1548
38 60
489 1200
96 132
293 1025
176 236
180 518
256 699
212 452
147 262
88 160
14 28
200 320
91 184
49 85
159 318
207 340
379 882
120 180
165 264
912 2186
13 21
298 661
728 1543
134 441
883 1405
71 234
1042 2375
82 134
218 398
132 197
396 929
356 1015
786 1163
238 730
397 835
500 602
172 402
168 347
223 559
398 1184
339 1012
55 78
189 354
116 161
327 787
133 299
346 727
111 170
276 890
145 509
346 603
54 79
205 799
300 578
13 26
210 379
182 629
13 35
218 402
68 124
293 509
245 513
260 600
174 230
329 987
380 1090
247 474
294 823
246 461
225 386
159 206
181 373
176 493
230 639
171 332
362 648
148 307
213 397
115 194
208 433
858 2195
1408 2353
71 102
174 368
199 415
129 291
495 931
120 232
222 539
196 1429
89 234
128 419
187 511
73 110
170 474
789 1841
75 133
125 206
316 571
152 262
419 1300
125 164
80 326
52 106
292 533
266 494
124 270
160 285
47 70
140 310
148 326
163 302
170 229
289 446
115 236
143 270
236 415
3 3
165 371
96 163
151 338
476 1037
179 348
194 248
118 201
112 267
31 53
119 161
586 1312
429 919
97 440
70 131
683 1869
315 448
522 924
300 433
246 704
301 581
142 209
150 270
144 285
104 222
294 778
200 400
655 2147
427 981
113 395
156 224
156 284
772 2069
164 346
115 236
310 714
5 5
143 315
462 926
12 14
108 266
94 252
232 545
122 234
128 301
230 733
129 198
8 10
198 320
356 680
4 7
131 243
754 1280
145 257
429 1054
30 40
85 131
186 516
136 197
323 781
573 1510
352 700
20 24
61 77
13 16
250 739
443 855
451 1658
172 302
191 581
225 619
319 679
203 348
432 1154
26 42
93 139
368 815
152 487
633 1388
268 521
182 490
197 390
248 743
311 607
276 1027
177 322
161 230
144 266
181 255
224 513
289 629
257 407
65 84
779 3026
341 749
88 185
150 649
15 29
308 704
5 8
699 1791
176 419
120 454
102 238
4 5
85 145
69 133
3 3
76 143
490 1653
161 240
90 246
118 303
522 1347
275 530
118 246
247 697
275 965
153 238
432 2314
177 670
137 290
143 397
110 218
506 1260
385 601
434 1748
275 692
362 1134
83 222
115 422
99 257
201 515
38 65
197 498
269 1125
41 46
174 457
118 297
95 166
163 244
220 716
148 270
382 662
195 273
145 213
213 386
176 302
331 884
188 397
276 533
1579 2544
203 589
127 461
173 249
539 1100
303 854
471 1087
220 381
173 408
97 146
177 377
517 1381
6 11
286 673
466 878
417 1713
138 285
107 241
40 58
190 441
294 477
164 331
253 401
164 249
195 327
183 522
8 12
46 81
773 1898
200 346
199 312
157 232
128 166
183 283
152 231
216 354
173 257
179 257
6 13
298 797
1515 2514
146 367
169 273
16 18
215 386
240 695
272 486
204 354
5 8
156 715
392 1583
137 260
89 281
55 108
495 1176
268 390
871 1853
183 381
698 1278
14 17
204 523
172 379
862 1833
197 366
125 257
342 651
180 561
143 287
106 182
419 1061
121 424
32 44
368 629
351 527
662 4966
193 503
197 413
549 1449
520 1362
73 117
744 4552
94 150
143 256
229 739
176 440
9 10
164 351
176 361
194 377
119 262
109 244
120 185
345 619
549 1278
261 517
707 1504
267 888
103 255
122 462
156 232
312 598
495 1823
82 163
181 518
344 588
243 438
6 9
379 1213
526 2818
382 781
35 52
86 155
27 50
28 36
240 331
345 755
455 1304
340 538
430 725
377 652
352 716
175 251
301 448
255 381
373 631
422 815
596 1440
124 248
19 35
597 1436
502 1008
352 557
688 2177
351 613
384 643
443 784
221 351
211 381
291 668
246 445
172 324
368 875
395 974
14 14
555 1669
131 577
30 47
4 13
4 5
2 3
82 115
117 464
75 106
179 624
604 2325
126 600
112 394
36 83
92 117
10 12
126 316
224 502
63 134
199 326
142 247
211 466
358 1877
571 1592
127 306
169 636
137 298
313 1620
177 465
811 4143
108 209
172 464
140 218
235 330
199 276
167 341
65 121
6 9
816 1316
84 174
113 157
493 2338
120 385
81 141
135 357
372 896
6 10
167 359
4 10
291 1036
260 984
200 454
336 577
6 11
121 272
175 952
399 995
183 338
351 548
276 600
243 636
8 13
54 105
265 598
303 642
732 1636
190 464
383 608
161 288
275 644
193 283
429 996
241 964
591 1886
181 455
221 406
119 200
128 245
6 10
109 278
118 175
76 121
693 2141
7 13
110 200
297 571
278 1456
213 311
9 9
574 823
46 76
277 521
187 321
7 10
304 666
191 599
635 1271
436 721
229 394
175 273
212 410
193 299
338 586
463 936
10 16
168 223
332 757
243 457
364 1047
180 305
267 624
263 1026
24 30
547 2767
112 195
93 181
72 117
139 275
73 109
118 243
143 168
193 359
190 299
123 372
9 10
107 226
164 346
434 2394
7 7
397 683
204 394
228 416
485 1380
179 325
577 2107
339 1321
518 1024
212 381
127 539
251 690
79 261
175 365
174 588
103 200
79 148
249 390
134 241
210 429
326 622
149 451
413 897
400 755
373 698
460 2743
457 776
5 7
9 11
21 32
18 22
5 5
137 401
6 10
378 665
273 493
291 462
360 724
212 300
198 292
268 461
223 653
131 213
9 9
229 444
167 295
10 10
159 279
182 421
507 896
516 1055
5 8
8 11
637 1098
356 483
356 861
80 178
198 415
192 552
446 903
42 58
18 33
68 143
428 970
9 13
159 252
93 164
257 532
3 7
169 257
190 327
28 57
27 50
171 308
123 377
94 250
260 649
207 465
7 11
187 1757
342 974
128 301
193 300
36 57
194 489
107 374
435 684
141 358
169 267
131 482
1138 3491
275 854
331 778
8 11
509 620
277 843
109 265
516 1160
165 310
219 329
444 2198
89 218
119 333
644 1267
204 383
236 393
15 23
8 12
192 601
172 616
49 115
44 68
359 821
144 328
350 814
7 11
6 6
153 376
245 846
139 369
235 626
113 235
20 29
158 422
10 20
7 11
205 542
123 339
77 161
88 194
7 7
313 505
230 699
223 426
117 237
10 20
172 339
127 253
117 228
149 454
241 378
12 22
294 400
284 515
114 212
126 221
104 193
177 269
215 403
10 15
108 180
19 25
76 122
290 624
7 11
665 932
182 460
129 240
103 264
116 265
64 107
789 1112
264 410
278 567
110 493
254 734
42 71
311 546
368 640
228 488
7 10
183 450
248 515
9 13
374 789
437 1300
203 618
108 350
58 86
6 16
54 72
291 510
285 462
6 10
117 168
8 12
271 498
157 317
158 376
401 2035
88 151
108 239
304 804
67 95
242 359
325 733
568 2292
164 241
231 402
354 846
162 347
327 819
143 537
191 404
603 2406
267 522
135 579
369 1055
16 20
248 466
245 477
381 907
378 827
302 586
89 265
2 2
84 232
108 215
147 232
191 406
287 717
54 84
476 1387
5 5
77 160
126 223
97 194
70 104
132 276
179 308
226 342
275 440
151 319
426 809
116 539
476 2807
227 1026
186 411
148 477
87 157
117 241
8 9
9 9
184 347
324 768
335 611
534 1333
442 1046
212 366
111 205
171 266
393 581
247 392
305 470
319 461
269 422
212 374
70 96
98 150
5 5
24 30
136 277
2 3
207 311
134 210
161 381
171 247
237 311
302 557
600 1780
6 8
22 34
84 300
126 542
78 143
152 550
24 42
709 1445
298 653
8 10
154 306
7 11
286 488
213 515
374 831
261 478
59 83
132 556
4 7
116 357
244 481
194 336
19 33
42 74
97 246
213 445
453 1101
3 9
4 8
3 10
302 727
114 307
194 399
117 204
56 97
93 253
202 335
210 363
173 433
295 569
5 10
184 282
8 12
172 433
169 481
6 9
214 408
209 408
569 1501
80 120
303 899
200 546
107 124
127 329
250 730
433 1261
102 167
6 11
392 1472
172 484
232 751
137 212
198 576
57 103
220 348
6 11
265 456
148 361
64 116
142 281
106 210
218 445
316 698
134 298
302 681
148 466
87 162
143 209
221 1090
105 303
435 935
565 1214
665 1465
139 373
143 628
49 69
138 204
625 909
246 806
13 20
82 209
23 38
248 351
96 214
103 243
335 988
2 2
285 438
134 234
145 515
69 109
350 1275
124 205
145 230
6 11
7 11
6 6
296 1689
8 10
137 365
144 306
31 38
58 102
67 102
156 343
122 264
197 411
258 468
499 2148
284 719
488 2386
37 65
20 36
3 3
26 45
180 300
187 297
19 29
241 408
92 197
253 396
173 297
277 483
219 497
3 8
240 873
147 277
116 318
169 261
1257 2082
108 263
524 1533
122 227
7 9
253 362
292 418
5 5
6 7
6 9
33 36
295 755
372 1313
267 480
64 172
9 12
134 525
302 711
265 734
84 134
33 58
74 116
289 421
3 9
277 540
224 405
198 610
595 1322
4 4
318 629
57 184
48 63
18 28
396 1218
129 277
158 388
124 471
172 466
92 179
719 1071
74 134
37 56
179 259
252 371
306 442
481 1171
315 711
191 466
168 264
277 498
113 301
143 218
91 174
33 45
7 11
331 608
390 583
200 355
137 284
105 318
203 539
56 89
37 65
4 9
614 1290
3 3
72 143
90 165
27 36
66 155
181 332
197 258
324 656
508 1353
203 350
71 205
70 157
1 1
5 9
175 244
411 908
102 276
260 791
77 188
118 381
60 124
164 308
374 985
10 14
104 235
599 2398
73 115
80 202
24 41
176 335
228 403
210 367
238 430
252 497
30 51
44 98
282 401
232 907
295 511
80 140
49 119
596 1604
14 18
13 22
34 57
14 31
4 12
36 48
505 811
183 279
203 386
256 827
230 569
168 308
160 380
171 303
270 467
74 123
95 201
316 686
7 11
168 401
9 13
197 516
95 234
138 276
138 183
127 192
461 1071
191 337
135 214
70 148
137 588
55 89
177 466
43 74
53 102
8 10
265 860
228 545
284 980
141 348
35 61
210 373
173 252
293 623
266 590
397 1053
168 519
119 184
42 63
73 99
168 259
176 402
96 181
289 837
145 755
136 175
135 249
124 375
114 344
87 135
64 143
170 246
247 422
317 732
188 473
7 10
247 501
67 136
210 421
295 927
334 893
49 89
22 30
295 600
135 498
6 10
230 672
394 718
46 52
414 1478
169 642
306 768
36 47
322 519
7 10
854 2682
98 272
106 194
163 615
175 277
148 294
20 24
198 369
433 743
5 10
7 10
232 369
149 202
110 340
405 563
566 977
279 466
424 745
91 340
90 185
55 72
255 473
11 13
9 13
460 1097
6 10
208 358
130 428
149 252
1109 1356
229 498
357 726
300 500
264 547
412 882
92 158
346 868
112 251
537 1131
10 15
156 340
9 12
206 316
8 10
6 12
90 181
97 170
53 88
115 247
144 220
281 551
268 379
1019 1392
168 373
3 3
112 372
67 87
436 919
5 6
139 230
306 446
250 396
294 459
200 273
56 101
82 193
6 7
266 466
219 741
220 364
92 204
29 56
205 303
59 95
96 146
7 13
6 10
6 11
165 458
21 35
100 177
212 397
6 11
381 1953
8 9
185 274
364 531
273 433
101 250
119 242
355 821
291 561
166 334
251 596
257 406
111 207
203 399
131 187
103 164
124 173
9 13
182 272
135 281
224 339
189 505
232 424
89 279
423 709
84 165
184 273
212 597
64 179
139 490
121 424
87 280
64 104
279 521
179 278
117 233
70 141
98 277
144 393
322 775
164 280
6 11
199 490
656 1201
280 433
191 554
234 607
85 225
135 263
40 64
158 330
85 168
99 281
83 197
151 593
140 214
21 30
132 357
157 389
73 125
300 535
135 311
502 1199
6 9
139 280
6 19
19 29
154 359
26 29
116 229
139 510
138 361
167 303
8 11
154 370
113 248
205 924
316 459
10 14
8 11
394 711
5 10
9 13
131 236
197 351
103 221
7 11
318 547
10 13
91 186
119 307
101 242
195 413
8 12
4 10
5 9
185 580
54 71
299 499
1312 2215
7 11
188 1028
85 110
27 27
74 98
64 81
158 289
234 430
5 6
6 8
272 482
132 249
93 123
203 484
324 687
8 12
96 218
275 944
87 177
91 136
119 243
54 117
52 95
3 6
237 341
336 930
180 298
85 179
173 283
299 514
154 222
516 655
172 304
9 13
289 473
62 185
54 84
436 979
563 1015
113 205
56 124
76 159
135 210
73 112
42 78
51 124
70 167
95 230
5 8
249 417
5 7
88 151
6 9
348 1101
7 9
102 210
2 3
120 270
4 4
73 99
142 485
10 12
40 71
19 24
163 228
142 265
392 781
27 32
341 584
157 209
7 8
334 522
108 197
5 6
219 572
20 38
5 10
115 188
299 451
5 8
7 9
5 11
169 281
25 36
175 1591
530 1090
151 228
816 1578
228 972
231 410
114 200
102 170
227 635
165 343
8 8
8 9
115 204
246 549
8 8
86 128
268 501
274 484
237 322
56 204
487 566
274 532
7 10
8 10
71 216
183 473
169 355
308 432
48 108
183 601
7 10
116 303
8 12
165 246
164 272
221 369
365 559
138 396
57 63
148 265
89 152
82 219
201 404
209 430
258 350
280 615
70 140
27 40
4 8
148 402
71 147
110 187
185 415
159 376
295 492
169 382
9 16
8 13
100 256
17 24
132 186
171 261
307 607
7 10
110 248
41 76
172 239
271 405
387 482
198 332
39 57
100 241
226 482
300 505
8 13
174 347
9 13
45 69
165 263
160 308
236 369
103 216
85 128
256 421
8 11
152 240
189 928
155 354
116 166
169 393
218 332
328 503
6 11
198 522
67 108
58 147
6 10
246 484
411 1957
306 805
201 424
139 219
8 13
7 10
215 324
11 13
333 917
354 834
7 11
132 213
174 242
292 878
13 25
9 12
36 54
337 1786
111 142
156 361
3 10
116 265
714 2563
254 787
203 398
173 435
50 75
920 1774
10 12
6 11
343 730
8 8
80 112
380 579
344 479
148 267
176 329
144 202
271 451
162 378
164 230
395 1573
131 231
179 340
5 11
125 174
33 63
4 4
24 33
50 68
300 455
97 163
232 483
183 434
161 240
338 572
213 341
184 277
18 19
214 324
88 154
251 457
255 427
12 20
215 592
235 493
331 814
206 335
52 73
97 275
100 259
135 192
141 240
89 193
242 430
95 211
279 427
7 16
104 281
107 330
86 130
356 970
394 772
203 328
10 13
15 20
152 301
148 250
187 301
156 331
195 330
144 247
5 11
5 11
7 10
13 17
87 156
5 7
366 734
50 71
125 277
73 105
140 219
199 299
143 364
21 31
281 424
3 9
101 243
219 450
351 683
10 12
219 368
144 290
275 510
15 21
313 624
14 14
174 247
285 450
270 547
397 799
190 366
363 601
223 427
8 11
516 1450
148 199
130 171
111 160
87 189
13 25
10 13
347 516
8 15
144 275
2 2
6 8
196 587
8 10
29 45
9 13
244 470
152 261
11 20
10 11
5 6
143 216
149 277
265 505
7 9
259 425
440 1222
9 22
441 994
171 378
80 105
56 98
362 1099
29 47
5 6
4 7
282 509
9 15
13 15
6 10
116 252
368 509
175 280
206 613
149 268
138 229
13 17
6 13
6 11
8 11
288 748
8 9
41 89
328 498
172 221
50 67
5 7
405 730
17 31
97 198
14 22
4 8
10 11
11 12
26 43
345 1093
203 425
184 382
261 437
88 134
163 253
171 285
10 14
177 326
287 629
76 104
73 107
134 207
193 230
7 10
235 375
92 202
195 363
12 16
6 14
200 358
103 274
208 369
6 10
44 62
35 49
91 163
174 253
342 762
29 50
76 113
331 833
306 663
238 372
8 12
144 286
71 94
324 807
228 372
207 297
195 530
98 120
1352 3799
340 605
5 10
9 10
12 16
263 578
152 326
6 8
78 107
78 150
80 123
234 739
122 222
268 986
196 419
6 10
9 9
109 234
393 664
3 3
375 744
494 1194
146 223
145 286
210 324
5 5
43 48
269 574
374 1445
9 13
8 9
246 501
3 5
8 9
407 1057
4 7
105 199
14 18
322 588
315 493
8 9
123 230
142 252
203 312
6 10
144 232
1 1
5 6
161 338
47 92
4 5
41 52
333 559
109 222
9 16
218 376
75 243
9 10
5 8
7 11
6 7
202 477
4 10
6 9
80 176
7 10
9 17
10 15
171 589
173 934
207 393
175 737
177 267
57 117
60 81
112 395
6 10
98 217
82 146
66 87
358 752
77 119
103 137
68 100
184 441
148 334
244 441
146 329
175 412
146 456
169 304
4 9
144 318
7 15
71 148
235 339
7 8
25 46
55 85
58 108
262 429
207 811
254 402
202 357
277 471
190 261
5 8
9 15
152 237
271 493
36 45
227 298
313 448
6 9
233 660
159 223
448 974
64 110
43 56
3 4
3 3
27 32
286 510
5 9
287 619
178 398
185 448
213 461
198 362
329 757
258 450
315 578
5 7
234 417
5 8
6 9
5 6
201 299
12 12
97 214
173 358
18 20
129 154
164 286
344 695
677 1316
4 6
479 1358
4 4
275 820
147 265
194 302
294 581
208 372
97 231
31 52
43 63
337 537
241 358
46 102
83 184
64 115
7 15
224 412
8 9
115 192
560 1715
68 99
9 11
7 8
81 171
177 1142
159 430
328 759
82 157
136 214
290 608
133 431
147 266
154 328
141 200
178 264
160 265
232 501
131 203
197 337
68 126
126 291
227 501
277 982
227 477
165 416
178 312
6 11
135 307
113 162
357 756
214 709
226 493
135 294
4 12
80 142
133 344
69 119
183 274
8 16
58 116
108 148
103 168
257 584
110 202
177 210
4 12
111 168
321 580
5 9
7 10
494 1383
147 270
259 504
6 9
303 483
74 129
64 96
189 384
22 40
40 45
9 9
6 6
132 235
241 620
252 817
174 336
11 15
303 535
277 501
8 9
71 105
146 248
6 9
90 138
279 603
85 111
126 192
113 245
210 477
6 10
247 681
14 18
5 10
240 649
151 229
7 11
44 59
86 106
25 52
120 223
130 223
109 146
9 12
462 1033
15 20
8 9
319 727
975 1347
231 526
310 442
204 304
9 14
193 282
10 13
9 18
385 1018
234 564
227 802
7 10
145 290
7 11
473 1096
154 206
10 12
4 9
9 11
6 10
263 575
46 101
216 541
99 193
295 804
71 100
10 16
280 813
197 412
218 383
102 229
166 601
127 230
112 227
34 67
340 542
310 480
153 305
138 264
134 302
262 632
134 399
74 119
97 165
81 117
86 197
222 407
7 8
6 8
191 360
7 9
5 9
50 89
5 9
5 9
4 10
6 10
88 123
4 10
11 12
185 225
131 215
50 71
121 299
224 480
66 83
5 11
6 6
31 37
366 751
232 884
234 416
216 421
21 37
148 234
87 124
235 419
4 5
257 443
354 1062
201 299
161 257
193 377
5 9
4 9
50 57
85 125
166 329
159 320
66 79
138 282
480 1098
5 9
10 13
10 13
4 9
6 10
6 12
216 485
6 8
35 53
41 50
6 9
8 10
220 418
61 111
315 625
387 832
236 492
189 365
224 564
204 582
314 616
137 203
155 391
312 905
289 737
185 718
192 325
184 453
139 272
248 489
230 580
59 99
185 352
100 194
142 275
159 393
128 262
206 339
17 22
125 227
145 267
122 185
9 10
6 11
159 295
179 390
94 131
7 11
64 87
197 454
4 11
3 5
157 221
10 12
264 361
7 11
4 11
12 18
207 359
232 667
198 403
129 231
220 453
234 596
8 10
2 2
6 9
114 179
249 437
250 680
238 442
74 95
299 499
630 1897
272 562
111 195
103 159
4 7
5 8
11 25
8 8
157 340
171 329
9 10
58 98
6 9
118 166
90 133
153 369
8 8
168 279
319 958
6 8
9 14
190 369
7 9
10 11
13 16
269 809
8 13
132 275
3 3
375 950
265 557
286 796
