1003215282 1
1005952640 2
1006928515 3
1007260806 4
1007402796 5
1007640554 6
1007666180 7
1007735501 8
1008024276 9
1008085163 10
1008102479 11
1008369339 12
1008378448 13
1008378609 14
1008391068 15
1008425971 16
1008680614 17
1008693462 18
1008693605 19
1008966615 20
1008970563 21
1009095570 22
1009371535 23
1009578838 24
1009791141 25
1010044978 26
1010235132 27
1010338583 28
1010437434 29
1010713883 30
1011068028 31
1011378821 32
1011482740 33
1011611587 34
1011970102 35
1011996877 36
1013040388 37
1013066710 38
1013113953 39
1013416131 40
1013416147 41
1013425227 42
1013636956 43
1013757060 44
1013779115 45
1013891539 46
1014102651 47
1014107332 48
1014124309 49
1014206712 50
1014223948 51
1014452870 52
1014457195 53
1014461486 54
1014465452 55
1014465588 56
1014465666 57
1014469498 58
1014474192 59
1014539429 60
1014798169 61
1014802430 62
1014820080 63
1014824204 64
1014936626 65
1014936705 66
1015143077 67
1015169543 68
1015458774 69
1015479949 70
1015492865 71
1015570297 72
1016506999 73
1016839809 74
1017168501 75
1017547830 76
1017574059 77
1017647483 78
1017880794 79
1017910233 80
1018009357 81
1018303586 82
1018692118 83
1019214774 84
1019270475 85
1019270934 86
1019322922 87
1019357327 88
1019556103 89
1019607245 90
1020280792 91
1020608033 92
1020608279 93
1020625448 94
1034664458 95
1035393986 96
1036257907 97
1036503560 98
1036637638 99
1036637830 100
1036646944 101
1036987921 102
1037337131 103
1037612992 104
1037979778 105
1039063931 106
1039068185 107
1039076835 108
1039080957 109
1039085109 110
1039141038 111
1039335355 112
1039400642 113
1039426238 114
1039685005 115
1039754434 116
1040328771 117
1041071176 118
1041075688 119
1041666949 120
1042116109 121
1042366365 122
1042724993 123
1043066007 124
1043842362 125
1044262482 126
1044459902 127
1044796706 128
1044800536 129
1044805646 130
1044918145 131
1045141938 132
1045240983 133
1045262699 134
1045263640 135
1045268099 136
1045452897 137
1045482779 138
1045492192 139
1045504901 140
1045513736 141
1045525957 142
1045819957 143
1045850110 144
1046264861 145
1046506683 146
1046873413 147
1046903356 148
1047887562 149
1048172314 150
1048250312 151
1048288847 152
1048289014 153
1048289697 154
1048609058 155
1048647522 156
1048975307 157
1049247113 158
1049261193 159
1049291085 160
1049570983 161
1049571474 162
1049916348 163
1049946735 164
1050016388 165
1050249353 166
1050266721 167
1050581215 168
1050646637 169
1050922195 170
1050935614 171
1050991297 172
1051280385 173
1051281052 174
1051311534 175
1051315821 176
1051980223 177
1065284812 178
1066516552 179
1068436695 180
1068777508 181
1069002537 182
1069489835 183
1069809216 184
1070102614 185
1070103072 186
1070103331 187
1070141508 188
1070422316 189
1070651567 190
1070797450 191
1071121755 192
1071183464 193
1071496918 194
1071519343 195
1071760480 196
1071769518 197
1072063538 198
1072455791 199
1072503099 200
1072507501 201
1072533704 202
1072533980 203
1072779298 204
1072779568 205
1072874511 206
1073069488 207
1073314797 208
1075598224 209
1075611602 210
1075827302 211
1076168044 212
1076173414 213
1076185604 214
1076198559 215
1076224947 216
1076285102 217
1076526556 218
1076539350 219
1076539598 220
1076841388 221
1076893223 222
1077571786 223
1078956785 224
1078978823 225
1079660882 226
1081392708 227
1081659180 228
1081755066 229
1081957306 230
1082005161 231
1082013851 232
1099022750 233
1099043553 234
1099255933 235
1099389583 236
1099397913 237
1100085251 238
1100381898 239
1100801188 240
1100900138 241
1101142083 242
1101474458 243
1101487727 244
1102191395 245
1102514975 246
1102795781 247
1102804327 248
1104155212 249
1104790425 250
1106672761 251
1106888382 252
1106944058 253
1107232942 254
1107561814 255
1107566171 256
1107566252 257
1107578710 258
1108222244 259
1109314712 260
1109599486 261
1109651526 262
1109957857 263
1110307501 264
1111356585 265
1111753990 266
1111757266 267
1112024879 268
1112410037 269
1112431072 270
1112436285 271
1112443807 272
1113354860 273
1113371819 274
1113371822 275
1113717709 276
1130152325 277
1130783454 278
1131827390 279
1131827565 280
1131831990 281
1131836229 282
1132168481 283
1132168616 284
1132168736 285
1132176882 286
1132406255 287
1132526832 288
1132530992 289
1133562752 290
1133839128 291
1134140939 292
1134482718 293
1134849005 294
1134849078 295
1135881013 296
1135898324 297
1135941181 298
1135941581 299
1135984965 300
1136252170 301
1136752885 302
1136852717 303
1137590955 304
1138026774 305
1138212774 306
1138579549 307
1138587910 308
1138627253 309
1138915459 310
1139369242 311
1139909038 312
1140003523 313
1140655376 314
1140655624 315
1140923511 316
1140996390 317
1141324564 318
1141328881 319
1141329227 320
1141350537 321
1141713514 322
1142002856 323
1142049877 324
1142356576 325
1143064329 326
1143108190 327
1143167974 328
1143807196 329
1144761556 330
1155263986 331
1158402729 332
1158691908 333
1160073701 334
1160807120 335
1161459105 336
1162534149 337
1162862710 338
1162871168 339
1162944117 340
1163199311 341
1163552692 342
1163898298 343
1164503211 344
1164545788 345
1164882751 346
1165305889 347
1166674437 348
1167235473 349
1167235720 350
1168283924 351
1168603800 352
1168915489 353
1169277100 354
1169954704 355
1170352367 356
1170404875 357
1170645699 358
1171431567 359
1171690432 360
1171690479 361
1172031461 362
1173029301 363
1173814525 364
1175122887 365
1175433492 366
1175800378 367
1190763066 368
1191315642 369
1192922295 370
1193258702 371
1193599804 372
1193599901 373
1195891557 374
1195999722 375
1196573432 376
1196854070 377
1199327859 378
1200014419 379
1200554295 380
1200619473 381
1201296549 382
1201659335 383
1202677966 384
1203070528 385
1204063702 386
1204124270 387
1204391417 388
1204547624 389
1205090786 390
1205220831 391
1206114100 392
1206153341 393
1207154756 394
1220412108 395
1220434040 396
1220873910 397
1220873945 398
1222187110 399
1223200775 400
1223274640 401
1223388206 402
1223611056 403
1223848354 404
1224293669 405
1224523027 406
1224591253 407
1224595273 408
1224595608 409
1224941044 410
1225290240 411
1225290633 412
1226206190 413
1226296238 414
1230095228 415
1231299343 416
1231679666 417
1232038141 418
1232041867 419
1232344382 420
1232369902 421
1233428010 422
1233501275 423
1233505806 424
1233773217 425
1234481054 426
1236864195 427
1236864438 428
1237179690 429
1237197175 430
1237524538 431
1252966452 432
1253230203 433
1254931127 434
1255630284 435
1257629175 436
1259309269 437
1260197431 438
1260197510 439
1260542968 440
1260883995 441
1261129711 442
1262170241 443
1262360335 444
1263404948 445
1263646693 446
1264186300 447
1266871604 448
1268896703 449
1283173461 450
1283872218 451
1284265487 452
1284312505 453
1285343852 454
1286362826 455
1288953551 456
1289359184 457
1291142212 458
1291374677 459
1292027772 460
1292083252 461
1293892027 462
1294102958 463
1295501882 464
1295855722 465
1299935493 466
1300276335 467
1311487571 468
1313849992 469
1315299801 470
1316245799 471
1317074822 472
1320480289 473
1323454861 474
1324762843 475
1325133618 476
1325138101 477
1325138112 478
1325138116 479
1325405571 480
1325479712 481
1326157533 482
1330008281 483
1331311183 484
1343139850 485
1343891368 486
1344275238 487
1345061120 488
1345596879 489
1351065769 490
1353043462 491
1356173442 492
1357192528 493
1361332091 494
1361668991 495
1362674294 496
1374649768 497
1378440243 498
1387527359 499
1387868622 500
1387881882 501
1388223120 502
1388227743 503
1406362611 504
1406703818 505
1407139453 506
1407398468 507
1407783264 508
1408828544 509
1410516394 510
1415829386 511
1417573898 512
1418572258 513
1418920942 514
1418924735 515
1419909152 516
1436935320 517
1438515327 518
1439155296 519
1439754917 520
1440168755 521
1440462865 522
1440804168 523
1444351896 524
1445522838 525
1446527869 526
1448587188 527
1448591766 528
1448794542 529
1448929584 530
1448936559 531
1449606569 532
1449611593 533
1449947649 534
1450016008 535
1450296978 536
1450634305 537
1451401873 538
1455438367 539
1465630554 540
1470065021 541
1471497788 542
1479618250 543
1479622707 544
1480452227 545
1480653743 546
1480982992 547
1481336075 548
1481336455 549
1481340761 550
1482351119 551
1485786914 552
1498379140 553
1501820626 554
1502532423 555
1502567833 556
1502870544 557
1503552296 558
1504207129 559
1506382974 560
1507933560 561
1509957347 562
1510303733 563
1510648834 564
1511016097 565
1512029563 566
1512034076 567
1512707390 568
1514076455 569
1514775604 570
1533226802 571
1533239844 572
1533265020 573
1533542078 574
1533567270 575
1534270924 576
1534721340 577
1535791554 578
1539309006 579
1541338954 580
1543138040 581
1543949467 582
1546155976 583
1564628545 584
1565285353 585
1565608898 586
1566354821 587
1570111396 588
1570922129 589
1571708235 590
1572520204 591
1597287219 592
1598011458 593
1600489166 594
1605181883 595
1605471724 596
1605842920 597
1623262447 598
1625978349 599
1628062270 600
1628135911 601
1629050586 602
1629383757 603
1632055020 604
1633078450 605
1633441295 606
1637171546 607
1638561518 608
1638897627 609
1656683728 610
1657021094 611
1659753362 612
1666561406 613
1669255212 614
1671638278 615
1671952694 616
1686717182 617
1688039474 618
1688409902 619
1692782686 620
1696897255 621
1716082078 622
1718114551 623
1719436402 624
1719746297 625
1719764109 626
1719953914 627
1720088459 628
1721857844 629
1722156238 630
1722164148 631
1722185618 632
1723506321 633
1728942250 634
1733370882 635
1748071079 636
1748092323 637
1748666238 638
1750816348 639
1752888162 640
1753523046 641
1753527805 642
1753535481 643
1754213254 644
1757612027 645
1758962229 646
1784876854 647
1784881382 648
1784891294 649
1785240458 650
1785581836 651
1785926866 652
1785931916 653
1786273098 654
1787636059 655
1788654858 656
1791996293 657
1811163357 658
1811163598 659
1811492235 660
1812493277 661
1812510378 662
1812515382 663
1814604278 664
1815929980 665
1815934776 666
1816284179 667
1816611349 668
1816620233 669
1816621089 670
1817307538 671
1817712927 672
1817998046 673
1819698673 674
1820005073 675
1822686129 676
1841174731 677
1843536369 678
1844249219 679
1848000962 680
1848666581 681
1850387882 682
1874947561 683
1875284107 684
1875288631 685
1877667406 686
1878354046 687
1878354441 688
1879018709 689
1879095788 690
1879385017 691
1882009576 692
1883042152 693
1905977495 694
1906663903 695
1906663957 696
1910066090 697
1910070652 698
1910407468 699
1911438496 700
1911775733 701
1914460817 702
1916485259 703
1933892078 704
1937003721 705
1939050870 706
1940419606 707
1941792709 708
1942438892 709
1942452957 710
1942806972 711
1943147567 712
1967353179 713
1968721678 714
1970439129 715
1971462092 716
1972477099 717
1974181774 718
1997377784 719
1999751538 720
2002147259 721
2002830391 722
2002837964 723
2002838841 724
2003175684 725
2003862685 726
2004198088 727
2004544173 728
2008571631 729
203253253 730
2033865410 731
2033872849 732
2033873422 733
2034213892 734
2034477252 735
2034550982 736
2034555457 737
2035229272 738
2035229936 739
2035238470 740
2035574498 741
2035906864 742
203594164 743
203598466 744
2036244317 745
204958872 746
205985855 747
2064225833 748
2065244716 749
2065577319 750
2066588633 751
2066605141 752
2066605922 753
2066946900 754
2066950172 755
2067265009 756
2067265677 757
2067597984 758
2067847820 759
2092873489 760
2096272398 761
2096283582 762
2096966671 763
2097303136 764
2097639393 765
2098321419 766
2098995259 767
2123541376 768
2123883176 769
2127659983 770
2127997003 771
2130038437 772
2131023294 773
2147677469 774
2157327176 775
2157327321 776
2158682340 777
2159714246 778
2159718465 779
2186293111 780
2187325736 781
2187675035 782
2187680237 783
2187683348 784
2188356978 785
2188361816 786
2188361989 787
2190382236 788
2190745188 789
2192108884 790
2192453806 791
2216261919 792
2217669773 793
2219046255 794
2219046487 795
2221779613 796
2223144438 797
2223148195 798
2223477154 799
2249741022 800
2250418423 801
2250422894 802
2250754651 803
2251437875 804
2251778373 805
2251787239 806
2253833921 807
2254523290 808
2280788907 809
2282480586 810
2282485535 811
2283158828 812
2283166650 813
2283166821 814
2283171130 815
2283504379 816
2284186501 817
2285209141 818
2311456176 819
2312828760 820
2313528908 821
2313853267 822
2314538529 823
2315553068 824
2315553917 825
2315898572 826
2316252268 827
2316252927 828
2343199299 829
2343523062 830
2343864445 831
2344887829 832
2345914819 833
234630133 834
2347274239 835
2373885250 836
2377972598 837
2409016548 838
263674097 839
264014957 840
266187342 841
266187383 842
266187477 843
266187480 844
266187559 845
266191407 846
266528086 847
266873591 848
267214250 849
267223104 850
267551639 851
267564140 852
267568157 853
267896360 854
268731005 855
294450004 856
295802733 857
295828029 858
295849410 859
296139882 860
296194535 861
296199021 862
296199026 863
296199149 864
296203324 865
296203325 866
296203392 867
296203434 868
296203440 869
296358430 870
296509709 871
296531366 872
296535619 873
296535655 874
296838079 875
296855409 876
296859399 877
296885362 878
297166053 879
297217528 880
297230760 881
297519815 882
297541369 883
297563139 884
297563270 885
297580589 886
297584752 887
297584869 888
297588995 889
297908595 890
297912117 891
297917277 892
297917363 893
297917364 894
297917459 895
297917475 896
297921570 897
297921608 898
297921808 899
297925487 900
297925526 901
297925608 902
297925628 903
297929807 904
297929902 905
297929935 906
297930068 907
297934012 908
297934349 909
297938585 910
297947227 911
298241038 912
298250090 913
298254384 914
298254474 915
298254517 916
298258354 917
298258399 918
298258415 919
298258513 920
298258530 921
298258611 922
298258737 923
298262357 924
298262408 925
298262442 926
298262488 927
298262498 928
298262599 929
298262663 930
298266660 931
298266783 932
298266903 933
298267069 934
298267091 935
298591130 936
298595196 937
298599269 938
298599271 939
298599664 940
298603633 941
298603693 942
298603730 943
298607673 944
298607679 945
298612190 946
298616588 947
298927224 948
298927362 949
298931489 950
298944444 951
298944479 952
298944745 953
298948785 954
298952944 955
298957166 956
299043389 957
299078990 958
299082033 959
299268507 960
299281245 961
299289811 962
299290105 963
299298381 964
299604862 965
299617529 966
299621755 967
299626157 968
299954300 969
324721026 970
324725187 971
325743813 972
325839288 973
325839302 974
326253554 975
326474963 976
326530038 977
326547252 978
326817334 979
326879917 980
326884223 981
326884331 982
326888433 983
326888609 984
326888627 985
326888675 986
326892322 987
327246381 988
327583395 989
327587644 990
327588074 991
327588225 992
327588446 993
327881747 994
327933008 995
327933027 996
327933061 997
327937494 998
327937506 999
328010530 1000
328244591 1001
328253133 1002
328264983 1003
328265389 1004
328269766 1005
328270395 1006
328274638 1007
328278449 1008
328291093 1009
328417092 1010
328533761 1011
328538408 1012
328601956 1013
328611004 1014
328611654 1015
328632707 1016
328935472 1017
328939480 1018
328943204 1019
328948348 1020
328952123 1021
329225149 1022
329301513 1023
329301762 1024
329566174 1025
329566197 1026
329578247 1027
329638509 1028
329646990 1029
329732855 1030
329772284 1031
329897255 1032
329970706 1033
329978745 1034
329983926 1035
329988112 1036
330074324 1037
330260421 1038
330268940 1039
330316013 1040
330319983 1041
330320065 1042
330415332 1043
330640044 1044
330661529 1045
330661573 1046
330661786 1047
330678844 1048
330998090 1049
331006655 1050
331343089 1051
331662710 1052
355077858 1053
355086967 1054
356429209 1055
356818551 1056
356878521 1057
356909006 1058
356913605 1059
357224041 1060
357250005 1061
357250238 1062
357573154 1063
357581846 1064
357581860 1065
357581939 1066
357599074 1067
357940977 1068
357945155 1069
358264919 1070
358286194 1071
358286442 1072
358613806 1073
358639742 1074
358725902 1075
358847551 1076
358890923 1077
359240396 1078
359292188 1079
359317340 1080
359326764 1081
359744514 1082
359926787 1083
359931311 1084
360138182 1085
360254108 1086
360263797 1087
360268385 1088
360284300 1089
360310976 1090
360349882 1091
360474485 1092
360591860 1093
360673271 1094
360677632 1095
360690414 1096
360759031 1097
360773196 1098
361005850 1099
361031397 1100
361040812 1101
361114148 1102
361264970 1103
361273559 1104
361312146 1105
361312808 1106
361341837 1107
361363973 1108
361364000 1109
361376643 1110
361445621 1111
361636071 1112
361700223 1113
361700674 1114
361704572 1115
361722354 1116
361825416 1117
361955066 1118
362019898 1119
362041442 1120
362045855 1121
362299997 1122
362369976 1123
362395402 1124
362715189 1125
362719326 1126
362862047 1127
364156501 1128
386833850 1129
386877197 1130
387227028 1131
387568523 1132
387939094 1133
387939267 1134
387952104 1135
388267095 1136
388280249 1137
388280297 1138
388280322 1139
388280529 1140
388280541 1141
388280610 1142
388293131 1143
388638672 1144
388954086 1145
388975834 1146
389311717 1147
389657555 1148
389661909 1149
389808550 1150
389976940 1151
390003153 1152
390280026 1153
390330983 1154
390331214 1155
390331583 1156
390344260 1157
390352384 1158
390361224 1159
390473497 1160
390486371 1161
390590450 1162
390641835 1163
390706983 1164
391016873 1165
391021712 1166
391034580 1167
391496898 1168
391497219 1169
391610069 1170
391803510 1171
391971839 1172
392057736 1173
392066096 1174
392179333 1175
392325925 1176
392389970 1177
392399005 1178
392411222 1179
392645419 1180
392735903 1181
392757094 1182
392821837 1183
393063351 1184
393171256 1185
393210919 1186
393404592 1187
393499533 1188
393766777 1189
393776005 1190
393883499 1191
394095053 1192
416876055 1193
417221397 1194
417558532 1195
417834021 1196
417908800 1197
418175238 1198
418261858 1199
418503161 1200
418516266 1201
418516470 1202
418607079 1203
418607328 1204
418607477 1205
418641700 1206
418969927 1207
418969956 1208
418970095 1209
418970154 1210
418987009 1211
419345606 1212
420010739 1213
420325753 1214
420347328 1215
420351087 1216
420351828 1217
420386244 1218
420586101 1219
420666689 1220
420688062 1221
420688241 1222
420688294 1223
420696828 1224
420723066 1225
421033734 1226
421041565 1227
421054850 1228
421055181 1229
421068062 1230
421314273 1231
421318649 1232
421405157 1233
421728750 1234
421815053 1235
422052346 1236
422056477 1237
422056521 1238
422388958 1239
422419397 1240
422622063 1241
422738252 1242
422742649 1243
422751191 1244
423096449 1245
423096943 1246
423101189 1247
423105632 1248
423178587 1249
423213589 1250
423512063 1251
423748579 1252
423749262 1253
423766084 1254
423770604 1255
423783704 1256
423792217 1257
423792440 1258
424193116 1259
424193645 1260
424250610 1261
424434994 1262
424443911 1263
424452682 1264
424788926 1265
424792976 1266
424793122 1267
424888924 1268
424918786 1269
425104178 1270
425143700 1271
425148091 1272
425462513 1273
425471220 1274
447599745 1275
447872055 1276
448204394 1277
448342846 1278
448536695 1279
448869118 1280
449205588 1281
449205611 1282
449209971 1283
449218986 1284
449244969 1285
449288517 1286
449296930 1287
449685778 1288
450004974 1289
450005014 1290
450034902 1291
450354788 1292
450971893 1293
451049385 1294
451054039 1295
451062462 1296
451365099 1297
451390676 1298
451485030 1299
451662040 1300
451722668 1301
451995306 1302
451995734 1303
452103083 1304
452162916 1305
452210677 1306
452336897 1307
452340995 1308
452401052 1309
452401246 1310
452552124 1311
452689494 1312
452742028 1313
452771533 1314
452771913 1315
452841283 1316
452883920 1317
453087379 1318
453108601 1319
453130054 1320
453194635 1321
453380528 1322
453423834 1323
453436589 1324
453457927 1325
453522986 1326
453527730 1327
453536107 1328
453536432 1329
453765256 1330
453794660 1331
453868924 1332
454089465 1333
454136171 1334
454252960 1335
454469072 1336
454477603 1337
454481372 1338
454787848 1339
454792422 1340
454822542 1341
454822714 1342
454896445 1343
454939928 1344
455133591 1345
455154890 1346
455155337 1347
455159380 1348
455172836 1349
455229034 1350
455232361 1351
455483094 1352
455500416 1353
455578166 1354
455815977 1355
455819680 1356
455820184 1357
456156825 1358
456174330 1359
456187010 1360
456506289 1361
456523994 1362
456833888 1363
456846996 1364
456847092 1365
456847100 1366
457175171 1367
457520516 1368
478591447 1369
479260891 1370
479637825 1371
479908320 1372
480029788 1373
480258208 1374
480328501 1375
480387478 1376
480521586 1377
480664837 1378
480681197 1379
480987689 1380
481034861 1381
481035392 1382
481070027 1383
481190355 1384
481191030 1385
481295335 1386
481359062 1387
481371769 1388
481390070 1389
481394217 1390
481406868 1391
481427934 1392
481731074 1393
481747302 1394
482002172 1395
482417237 1396
482421242 1397
482732443 1398
482762280 1399
482861459 1400
483017681 1401
483099193 1402
483720758 1403
483797945 1404
483798285 1405
484126552 1406
484130600 1407
484134987 1408
484147730 1409
484355328 1410
484368420 1411
484554412 1412
484735637 1413
484735678 1414
484821546 1415
484825371 1416
484829654 1417
484890037 1418
484903253 1419
484911881 1420
484911954 1421
484942773 1422
485132675 1423
485171192 1424
485171425 1425
485231414 1426
485249150 1427
485252796 1428
485253580 1429
485511772 1430
485585976 1431
485589846 1432
485628489 1433
485745069 1434
485934965 1435
485970020 1436
486185442 1437
486194398 1438
486255488 1439
486314976 1440
486315287 1441
486444857 1442
486496648 1443
486518323 1444
486544396 1445
486812022 1446
486842208 1447
486876782 1448
486880919 1449
486932201 1450
486994024 1451
487144598 1452
487187476 1453
487191620 1454
487212916 1455
487217638 1456
487286529 1457
487523851 1458
487541595 1459
487623053 1460
487623337 1461
487882168 1462
487882906 1463
487899426 1464
487899562 1465
487925037 1466
487925063 1467
487968933 1468
487976781 1469
488231898 1470
488231939 1471
488559952 1472
488572496 1473
488581156 1474
488922181 1475
488931037 1476
489375496 1477
508689623 1478
509924185 1479
509928946 1480
509945954 1481
510049477 1482
510278421 1483
510278853 1484
510676580 1485
510680365 1486
510987433 1487
511025402 1488
511271574 1489
511349908 1490
511353266 1491
511660697 1492
511685969 1493
511772101 1494
512014262 1495
512411244 1496
512441111 1497
512441442 1498
512765816 1499
512774096 1500
512782759 1501
512787296 1502
513344531 1503
513668146 1504
513887940 1505
514043443 1506
514068564 1507
514116545 1508
514474716 1509
514474879 1510
514475106 1511
514583142 1512
514613165 1513
514708179 1514
514807275 1515
514816333 1516
514833145 1517
514842241 1518
514850616 1519
514859045 1520
515092013 1521
515152792 1522
515524209 1523
515588291 1524
515869245 1525
515947324 1526
516163285 1527
516214576 1528
516283789 1529
516287961 1530
516288120 1531
516288489 1532
516322115 1533
516551382 1534
516629544 1535
516780722 1536
516806504 1537
516844782 1538
516857964 1539
516875221 1540
516888016 1541
516965856 1542
517207902 1543
517242832 1544
517280671 1545
517506265 1546
517514142 1547
517578770 1548
517587356 1549
517648018 1550
517687607 1551
517838657 1552
517838849 1553
517872280 1554
517885151 1555
517902689 1556
517910959 1557
517911104 1558
517915796 1559
517916020 1560
518183562 1561
518217691 1562
518235177 1563
518252747 1564
518269350 1565
518329528 1566
518558825 1567
518576422 1568
518580489 1569
518593663 1570
518598175 1571
518666806 1572
518670779 1573
518861029 1574
518899665 1575
518920893 1576
518921865 1577
518930199 1578
518930220 1579
519004170 1580
519012059 1581
519017242 1582
519046655 1583
519262429 1584
519279166 1585
519354028 1586
519358587 1587
519591210 1588
519616809 1589
519620935 1590
519689333 1591
519694628 1592
519949044 1593
520272258 1594
520285559 1595
520380132 1596
520617773 1597
540972196 1598
541011631 1599
541192496 1600
541347811 1601
541697718 1602
541723810 1603
542376096 1604
542410481 1605
542691005 1606
542699260 1607
543023799 1608
543049093 1609
543062097 1610
543092817 1611
543135607 1612
543238468 1613
543256347 1614
543321179 1615
543412036 1616
543433461 1617
543441466 1618
543808842 1619
543821838 1620
544037996 1621
544038123 1622
544107243 1623
544107335 1624
544158940 1625
544262349 1626
544265891 1627
544265926 1628
544270890 1629
544512309 1630
544602598 1631
544611593 1632
544620289 1633
544637659 1634
544706811 1635
544931723 1636
544948071 1637
545289059 1638
545293653 1639
545301965 1640
545444996 1641
545501062 1642
545510060 1643
545535468 1644
545621581 1645
545625900 1646
545626238 1647
545630021 1648
545634347 1649
545635037 1650
545639454 1651
545872467 1652
545903200 1653
545906392 1654
545962610 1655
545962614 1656
545962750 1657
545966796 1658
545966857 1659
545967081 1660
545967453 1661
545971196 1662
545971266 1663
545971748 1664
545975516 1665
545979714 1666
545984286 1667
546080131 1668
546196205 1669
546217818 1670
546287086 1671
546303574 1672
546303624 1673
546303917 1674
546308189 1675
546312139 1676
546312597 1677
546312618 1678
546316427 1679
546316520 1680
546325197 1681
546507208 1682
546559025 1683
546641039 1684
546661830 1685
546661879 1686
546661881 1687
546661929 1688
546661963 1689
546765551 1690
546989945 1691
546998916 1692
547002880 1693
547158593 1694
547227734 1695
547240545 1696
547258283 1697
547310321 1698
547318128 1699
547331291 1700
547343857 1701
547344214 1702
547551580 1703
547552266 1704
547565159 1705
547659321 1706
547672046 1707
547672057 1708
547680689 1709
547681002 1710
547927681 1711
548022079 1712
548025953 1713
548031014 1714
548049064 1715
548203966 1716
548225503 1717
548250936 1718
548367306 1719
548367416 1720
548367533 1721
548367581 1722
548377264 1723
548570973 1724
548571023 1725
548575149 1726
548678665 1727
548691397 1728
548708363 1729
548712377 1730
548712900 1731
548717604 1732
548718226 1733
548718289 1734
548722538 1735
548907426 1736
548937579 1737
548949855 1738
548963433 1739
548993536 1740
549032115 1741
549032154 1742
549040631 1743
549158040 1744
549161688 1745
549175510 1746
549219101 1747
549252548 1748
549257678 1749
549261610 1750
549269622 1751
549282467 1752
549347735 1753
549364820 1754
549364902 1755
549377217 1756
549377612 1757
549382144 1758
549394502 1759
549597974 1760
549610772 1761
549611256 1762
549701100 1763
549714149 1764
549718224 1765
549718297 1766
549722579 1767
549727330 1768
549731284 1769
549943673 1770
550055393 1771
550059489 1772
550063565 1773
550063806 1774
550068041 1775
550068399 1776
550076798 1777
550081317 1778
550081666 1779
550275952 1780
550275987 1781
550280614 1782
550297695 1783
550301858 1784
550319575 1785
550319585 1786
550322829 1787
550400302 1788
550404663 1789
550413322 1790
550413337 1791
550422109 1792
550422384 1793
550426732 1794
550617370 1795
550621853 1796
550638250 1797
550655668 1798
550655959 1799
550720698 1800
550737387 1801
550741296 1802
550741323 1803
550745787 1804
550750102 1805
550962648 1806
550983795 1807
550988122 1808
551000891 1809
551004984 1810
551043841 1811
551065761 1812
551078480 1813
551095369 1814
551302781 1815
551303686 1816
551337690 1817
551341782 1818
551410783 1819
551427936 1820
551751968 1821
551751981 1822
551760443 1823
551989415 1824
571666434 1825
573142557 1826
573289993 1827
573337611 1828
573402255 1829
573670049 1830
573683438 1831
574040939 1832
574420970 1833
574511458 1834
574515806 1835
574732075 1836
574736017 1837
574965048 1838
574973454 1839
575197482 1840
575301459 1841
575323308 1842
575426742 1843
575768294 1844
575988538 1845
576082257 1846
576208238 1847
576324665 1848
576475847 1849
576502536 1850
576566223 1851
576566287 1852
576566621 1853
576574889 1854
576683512 1855
576825965 1856
576885542 1857
576898212 1858
576898907 1859
576898923 1860
577002771 1861
577019326 1862
577205270 1863
577244511 1864
577330676 1865
577369038 1866
577373434 1867
577554935 1868
577585079 1869
577697202 1870
577702398 1871
577709776 1872
577710786 1873
577720000 1874
578008551 1875
578016879 1876
578249948 1877
578253910 1878
578254032 1879
578284233 1880
578556621 1881
578587420 1882
578621125 1883
578642656 1884
578690477 1885
578725249 1886
578893446 1887
578919867 1888
578936010 1889
578936603 1890
578936675 1891
578945164 1892
579194975 1893
579230376 1894
579234980 1895
579239039 1896
579268807 1897
579298760 1898
579420623 1899
579425252 1900
579536041 1901
579575594 1902
579596940 1903
579627475 1904
579648510 1905
579700707 1906
579769772 1907
579912201 1908
579946370 1909
579963818 1910
580071186 1911
580287695 1912
580288167 1913
580300616 1914
580317662 1915
580662960 1916
580667978 1917
580680652 1918
580732172 1919
580732377 1920
580736603 1921
580736843 1922
580741415 1923
580745387 1924
580776190 1925
580780309 1926
580987056 1927
581004609 1928
581012908 1929
581013104 1930
581013183 1931
581064707 1932
581099105 1933
5812979948 1934
5812979995 1935
5812980079 1936
5812980103 1937
5812980109 1938
5812980142 1939
5812980147 1940
5812980326 1941
5812980467 1942
5812980470 1943
5812980473 1944
5812980494 1945
5812980514 1946
5812980520 1947
5812980529 1948
5812980658 1949
5812980666 1950
5812980710 1951
5812980732 1952
5812980743 1953
5812980752 1954
5812980884 1955
5812980916 1956
5812981016 1957
5812981199 1958
5812981228 1959
5812981237 1960
5812981240 1961
5812981249 1962
5812981266 1963
5812981268 1964
5812981381 1965
5812981506 1966
5812981517 1967
5812981791 1968
5812981822 1969
5812981840 1970
5812981872 1971
5812982052 1972
5812982122 1973
5812982295 1974
5812982324 1975
5812982711 1976
5812982779 1977
5812982885 1978
5812982936 1979
5812982959 1980
5812982960 1981
5812982970 1982
5812982984 1983
5812982994 1984
5812983110 1985
5812983128 1986
5812983240 1987
5812983258 1988
5812983533 1989
5812983538 1990
5812983636 1991
5812983755 1992
5812983825 1993
5812983831 1994
5812983878 1995
5812984012 1996
5812986121 1997
5812986798 1998
5812987034 1999
5812987773 2000
5812988363 2001
5812989469 2002
5812989861 2003
5812991473 2004
5812991668 2005
5812992091 2006
5812992893 2007
5812993667 2008
5812994710 2009
5812997319 2010
5812997961 2011
5813001678 2012
5813002671 2013
5813004525 2014
5813005012 2015
5813007108 2016
5813008911 2017
5813008934 2018
5813009358 2019
5813009445 2020
5813009554 2021
5813009567 2022
5813009578 2023
5813009595 2024
5813009620 2025
5813009650 2026
5813009653 2027
5813009766 2028
5813009946 2029
5813010212 2030
5813010251 2031
5813010265 2032
5813010266 2033
5813010279 2034
5813010533 2035
5813010748 2036
5813010766 2037
5813010770 2038
5813010801 2039
5813010828 2040
5813010843 2041
5813010938 2042
5813011067 2043
5813011074 2044
5813011125 2045
5813011133 2046
5813011165 2047
5813011166 2048
5813011286 2049
5813011298 2050
5813011320 2051
5813011407 2052
5813011443 2053
5813011471 2054
5813011483 2055
5813011486 2056
5813011493 2057
5813011512 2058
5813011660 2059
5813011858 2060
5813011865 2061
5813012136 2062
5813012193 2063
5813012231 2064
5813012243 2065
5813012255 2066
5813012492 2067
5813012555 2068
5813012619 2069
5813012786 2070
5813012950 2071
5813012964 2072
5813012976 2073
5813012995 2074
5813013194 2075
5813013202 2076
5813013303 2077
5813013315 2078
5813013342 2079
5813013547 2080
5813013616 2081
5813013630 2082
5813013636 2083
5813013652 2084
5813013653 2085
5813013843 2086
5813014032 2087
5813014242 2088
5813014258 2089
5813014341 2090
5813014391 2091
5813014640 2092
5813014693 2093
5813014771 2094
5813014777 2095
5813014793 2096
5813015068 2097
5813015124 2098
5813015327 2099
5813015408 2100
5813015448 2101
5813015594 2102
5813015711 2103
5813016625 2104
5813016631 2105
5813016900 2106
5813016958 2107
5813019513 2108
5813019517 2109
5813019526 2110
5813019560 2111
5813019568 2112
5813019588 2113
5813019607 2114
5813019676 2115
5813019681 2116
5813019732 2117
5813019833 2118
5813019834 2119
5813019850 2120
5813019908 2121
5813020189 2122
5813020284 2123
5813020382 2124
5813020388 2125
5813020673 2126
5813020674 2127
5813020676 2128
5813020684 2129
5813020696 2130
5813020751 2131
5813020785 2132
5813020800 2133
5813020803 2134
5813020817 2135
5813020840 2136
5813020850 2137
5813020855 2138
5813020857 2139
5813020988 2140
5813020993 2141
5813020996 2142
5813021005 2143
5813021046 2144
5813021122 2145
5813021192 2146
5813021223 2147
5813021225 2148
5813021235 2149
5813021238 2150
5813021247 2151
5813021498 2152
5813021564 2153
5813021566 2154
5813021574 2155
5813021602 2156
5813021899 2157
5813022026 2158
5813022160 2159
5813022163 2160
5813022182 2161
5813022192 2162
5813022199 2163
5813022257 2164
5813022259 2165
5813022337 2166
5813022339 2167
5813022343 2168
5813022370 2169
5813022375 2170
5813022404 2171
5813022424 2172
5813022429 2173
5813022459 2174
5813022507 2175
5813022538 2176
5813022567 2177
5813022591 2178
5813022759 2179
5813022814 2180
5813022896 2181
5813022915 2182
5813022923 2183
5813022976 2184
5813024852 2185
5813024933 2186
5813026037 2187
5813026589 2188
5813026592 2189
5813026613 2190
5813026656 2191
5813026661 2192
5813026703 2193
5813026705 2194
5813026745 2195
5813026785 2196
5813027016 2197
5813027592 2198
5813027692 2199
5813027737 2200
5813027826 2201
5813032485 2202
5813032709 2203
5813032847 2204
5813032990 2205
5813033000 2206
5813033033 2207
5813033215 2208
5813033324 2209
5813033379 2210
5813033443 2211
5813033551 2212
5813035230 2213
5813035328 2214
5813035418 2215
5813035694 2216
5813038579 2217
5813038604 2218
5813039860 2219
5813039906 2220
5813039910 2221
5813040000 2222
5813040037 2223
5813040123 2224
5813040133 2225
5813040190 2226
5813040712 2227
5813040766 2228
5813041149 2229
5813041161 2230
5813041169 2231
5813041174 2232
5813041177 2233
5813041237 2234
5813041304 2235
5813041525 2236
5813041610 2237
5813041684 2238
5813041707 2239
5813046185 2240
5813046658 2241
5813046745 2242
5813046951 2243
5813047425 2244
5813047448 2245
5813047739 2246
5813047763 2247
5813048127 2248
5813048229 2249
5813048437 2250
5813048745 2251
5813049102 2252
5813049378 2253
5813049380 2254
5813049481 2255
5813049907 2256
5813049946 2257
5813050455 2258
5813050772 2259
5813052205 2260
5813052909 2261
5813053669 2262
5813053688 2263
5813053712 2264
5813053851 2265
5813053860 2266
5813053891 2267
5813053923 2268
5813054079 2269
5813054204 2270
5813054659 2271
5813054853 2272
5813055298 2273
5813055535 2274
5813055709 2275
5813055749 2276
5813055759 2277
5813055768 2278
5813055769 2279
5813055800 2280
5813055817 2281
5813055904 2282
5813055913 2283
5813055949 2284
5813055999 2285
5813056041 2286
5813056054 2287
5813056057 2288
5813056062 2289
5813056071 2290
5813056101 2291
5813056168 2292
5813056257 2293
5813056261 2294
5813056423 2295
5813056791 2296
5813056881 2297
5813056887 2298
5813056909 2299
5813056917 2300
5813056944 2301
5813056972 2302
5813056979 2303
5813057162 2304
5813057245 2305
5813057461 2306
5813057464 2307
5813057481 2308
5813057738 2309
5813057859 2310
5813057861 2311
5813057864 2312
5813057933 2313
5813057973 2314
5813058008 2315
5813058048 2316
5813058050 2317
5813058222 2318
5813058258 2319
5813058272 2320
5813058319 2321
5813058320 2322
5813058333 2323
5813058342 2324
5813058350 2325
5813058376 2326
5813060068 2327
5813060687 2328
5813060697 2329
5813060701 2330
5813060768 2331
5813060993 2332
5813061024 2333
5813061112 2334
5813061114 2335
5813061260 2336
5813061262 2337
5813061538 2338
5813061642 2339
5813061879 2340
5813061901 2341
5813061974 2342
5813062552 2343
5813062686 2344
5813062838 2345
5813062858 2346
5813062907 2347
5813063093 2348
5813063137 2349
5813063524 2350
5813063587 2351
5813063829 2352
5813064332 2353
5813064485 2354
5813064828 2355
5813065004 2356
5813065365 2357
5813065519 2358
5813066377 2359
5813066983 2360
5813067732 2361
5813067788 2362
5813067963 2363
5813068453 2364
5813068484 2365
5813068575 2366
5813068603 2367
5813068748 2368
5813068769 2369
5813068773 2370
5813069072 2371
5813069497 2372
5813069512 2373
5813069630 2374
5813069683 2375
5813069859 2376
5813069977 2377
5813070070 2378
5813070094 2379
5813070569 2380
5813070991 2381
5813071068 2382
5813071078 2383
5813071257 2384
5813071348 2385
5813071370 2386
5813071475 2387
5813075619 2388
5813075692 2389
5813075748 2390
5813075772 2391
5813075806 2392
5813075824 2393
5813075875 2394
5813075932 2395
5813076043 2396
5813076392 2397
5813077469 2398
5813077488 2399
5813077569 2400
5813077571 2401
5813077929 2402
5813077945 2403
5813077961 2404
5813078068 2405
5813078074 2406
5813078263 2407
5813078487 2408
5813078557 2409
5813078571 2410
5813078621 2411
5813078641 2412
5813078739 2413
5813079192 2414
5813079193 2415
5813079288 2416
5813079417 2417
5813079425 2418
5813080768 2419
5813081474 2420
5813081849 2421
5813081864 2422
5813082239 2423
5813082394 2424
5813082722 2425
5813082780 2426
5813083316 2427
5813083359 2428
5813083733 2429
5813083779 2430
5813083780 2431
5813087620 2432
5813087817 2433
5813087837 2434
5813087848 2435
5813087891 2436
5813087953 2437
5813087991 2438
5813088360 2439
5813088412 2440
5813088458 2441
5813088525 2442
5813088784 2443
5813088939 2444
5813089157 2445
5813089487 2446
5813089869 2447
5813090556 2448
5813091577 2449
5813092319 2450
5813092990 2451
5813094560 2452
5813094598 2453
5813094811 2454
5813096198 2455
5813096638 2456
5813096699 2457
5813096832 2458
5813096913 2459
5813097020 2460
5813097634 2461
5813097926 2462
5813098223 2463
5813098374 2464
5813098776 2465
5813098975 2466
5813100373 2467
5813103626 2468
5813104563 2469
5813105726 2470
5813105778 2471
5813108129 2472
5813108247 2473
5813108370 2474
5813109064 2475
5813109120 2476
5813109198 2477
5813109327 2478
5813111272 2479
5813111989 2480
5813116551 2481
5813117385 2482
5813123042 2483
5813123584 2484
5813123585 2485
5813124162 2486
5813124939 2487
5813126031 2488
5813129271 2489
5813129453 2490
5813129481 2491
5813130028 2492
5813130366 2493
5813132515 2494
5813133463 2495
5813133506 2496
5813133903 2497
5813133917 2498
5813134052 2499
5813134055 2500
5813134082 2501
5813134294 2502
581314586 2503
581332573 2504
581336531 2505
581336621 2506
581358486 2507
581405615 2508
581409749 2509
581414714 2510
581432310 2511
581436615 2512
581440626 2513
581648167 2514
581652283 2515
581678043 2516
581685825 2517
581690438 2518
581746661 2519
581746674 2520
581754996 2521
581755530 2522
581755794 2523
581790318 2524
581962275 2525
582027783 2526
582101022 2527
582101205 2528
582139830 2529
582148503 2530
582333967 2531
582372162 2532
582381047 2533
582381054 2534
582473145 2535
582696254 2536
582700300 2537
582709537 2538
583015749 2539
583132200 2540
583150030 2541
5901118375 2542
5901192948 2543
5901193720 2544
5901193890 2545
5901195945 2546
5901196159 2547
5901196319 2548
5901196628 2549
5901197108 2550
5901197274 2551
5901200903 2552
5901201676 2553
5901201909 2554
5901203310 2555
5901203505 2556
5901203987 2557
5901212906 2558
5901213155 2559
5901213440 2560
5901213624 2561
5901215775 2562
5901215966 2563
5901215971 2564
5901218930 2565
5901220525 2566
5901221584 2567
5901221890 2568
5901225197 2569
5901225755 2570
5901226036 2571
5901227238 2572
5901228218 2573
5901230025 2574
5901231318 2575
5901232053 2576
5901232546 2577
5901232690 2578
602071049 2579
602368546 2580
602476655 2581
602645152 2582
603068370 2583
603167111 2584
603444300 2585
603482385 2586
604070433 2587
604194925 2588
604195063 2589
604195247 2590
604289581 2591
604709727 2592
604856102 2593
604864322 2594
604864392 2595
604976663 2596
604989814 2597
605006733 2598
605166418 2599
605532956 2600
605550395 2601
605554875 2602
605654689 2603
605662705 2604
605999323 2605
606103219 2606
606193500 2607
606340818 2608
606461310 2609
606703149 2610
607195856 2611
607221569 2612
607251100 2613
607260192 2614
607273128 2615
607273339 2616
607592906 2617
607597135 2618
607692113 2619
607700797 2620
607894716 2621
607925257 2622
607929192 2623
607933758 2624
607938091 2625
607955261 2626
608041927 2627
608042044 2628
608261812 2629
608266363 2630
608278754 2631
608283432 2632
608301148 2633
608369629 2634
608377992 2635
608417561 2636
608602824 2637
608628936 2638
608728678 2639
608754263 2640
608926849 2641
608948356 2642
609052312 2643
609289395 2644
609297824 2645
609310926 2646
609513630 2647
609587511 2648
609587594 2649
609591640 2650
609591758 2651
609591823 2652
609591880 2653
609591891 2654
609591989 2655
609630483 2656
609655670 2657
609656444 2658
609660480 2659
609677179 2660
609765114 2661
609773847 2662
609893831 2663
609975449 2664
609979769 2665
609988789 2666
609992451 2667
609993550 2668
609997539 2669
610018976 2670
610061715 2671
610113424 2672
610299911 2673
610312734 2674
610321430 2675
610321522 2676
610329293 2677
610338229 2678
610342229 2679
610351307 2680
610368283 2681
610381395 2682
610601810 2683
610666582 2684
610670860 2685
610722297 2686
610731053 2687
610762153 2688
610800574 2689
610981555 2690
610981584 2691
611015907 2692
611016455 2693
611020135 2694
611029037 2695
611037750 2696
611068232 2697
611089775 2698
611262552 2699
611323310 2700
611340150 2701
611343891 2702
611348784 2703
611352588 2704
611357256 2705
611361002 2706
611361058 2707
611365952 2708
611413241 2709
611452437 2710
611629428 2711
611663250 2712
611693656 2713
611694145 2714
611728142 2715
611776075 2716
611810783 2717
612004584 2718
612034653 2719
612121276 2720
612138999 2721
612307129 2722
612336669 2723
612358673 2724
612367371 2725
612371421 2726
612414168 2727
612436752 2728
612440702 2729
612445325 2730
612638791 2731
612643681 2732
612703762 2733
612712334 2734
612742137 2735
612742165 2736
612742224 2737
612742229 2738
612742248 2739
612742298 2740
612742316 2741
612746557 2742
612746670 2743
612755343 2744
612777140 2745
612790140 2746
613040803 2747
613044611 2748
613066879 2749
613079053 2750
613083298 2751
613083317 2752
613083359 2753
613083375 2754
613126471 2755
613175370 2756
613179816 2757
613338546 2758
613386220 2759
613394707 2760
613398542 2761
613420343 2762
613480833 2763
613520418 2764
613727557 2765
613744224 2766
613744647 2767
613756712 2768
613835914 2769
613874080 2770
614081109 2771
614081151 2772
614172073 2773
614175857 2774
614179968 2775
614413183 2776
614417802 2777
634879889 2778
635541640 2779
635674180 2780
635860358 2781
635878327 2782
635890732 2783
635895000 2784
635908014 2785
636236092 2786
636344136 2787
636356423 2788
636594376 2789
636667489 2790
636944318 2791
637008792 2792
637224582 2793
637393228 2794
637475264 2795
637540087 2796
637621553 2797
637730365 2798
637958190 2799
638040562 2800
638057952 2801
638152829 2802
638312678 2803
638394209 2804
638740232 2805
638748929 2806
638964662 2807
638972808 2808
638985608 2809
638985888 2810
639008013 2811
639050664 2812
639063702 2813
639275368 2814
639318234 2815
639327084 2816
639405054 2817
639585968 2818
639650941 2819
639655157 2820
639655378 2821
639659397 2822
639659514 2823
639762942 2824
639957655 2825
639974538 2826
639995972 2827
6400000773 2828
640104852 2829
640276971 2830
640596169 2831
640617445 2832
640665331 2833
640691030 2834
640691209 2835
640755994 2836
640963528 2837
641062535 2838
641066630 2839
641355714 2840
641373426 2841
641403248 2842
641464420 2843
641688553 2844
641701225 2845
641709401 2846
641709938 2847
641714522 2848
642024743 2849
642041782 2850
642046803 2851
642171582 2852
642365841 2853
642378701 2854
642387595 2855
642387775 2856
642387793 2857
642504699 2858
642509080 2859
642651049 2860
642660081 2861
642664141 2862
642693620 2863
642694410 2864
642702809 2865
642715276 2866
642715563 2867
642715622 2868
642715875 2869
642720054 2870
642720190 2871
642723975 2872
642724189 2873
642724424 2874
642732835 2875
642763119 2876
642763374 2877
642824051 2878
642846335 2879
642979697 2880
643005055 2881
643039876 2882
643052767 2883
643060819 2884
643073880 2885
643078133 2886
643142863 2887
643152220 2888
643156727 2889
643160749 2890
643329030 2891
643350227 2892
643376222 2893
643389529 2894
643393020 2895
643393688 2896
643398197 2897
643401816 2898
643402037 2899
643475630 2900
643488175 2901
643502004 2902
643502099 2903
643502135 2904
643506462 2905
643531962 2906
643679015 2907
643691163 2908
643721915 2909
643739027 2910
643743142 2911
643760681 2912
643773259 2913
643794320 2914
643847447 2915
643859327 2916
643860525 2917
643864734 2918
643868715 2919
644071614 2920
644079767 2921
644083764 2922
644092984 2923
644113913 2924
644118254 2925
644148539 2926
644148561 2927
644148661 2928
644148705 2929
644153089 2930
644161860 2931
644196793 2932
644218343 2933
644378240 2934
644408508 2935
644412509 2936
644417091 2937
644421171 2938
644425543 2939
644433538 2940
644437931 2941
644442919 2942
644450565 2943
644450686 2944
644529212 2945
644538274 2946
644757911 2947
644761952 2948
644788121 2949
644862107 2950
644862119 2951
644870768 2952
645086558 2953
645094600 2954
645111897 2955
645224664 2956
645228729 2957
645448827 2958
645449236 2959
645456880 2960
645556717 2961
645556898 2962
665479890 2963
665556968 2964
665897487 2965
666200256 2966
666575508 2967
666942960 2968
666994301 2969
667266529 2970
667271225 2971
667279709 2972
667413225 2973
667615836 2974
668065234 2975
668285416 2976
668384542 2977
668618317 2978
668742424 2979
668967527 2980
669075559 2981
669088684 2982
669321086 2983
669325882 2984
669421910 2985
669433549 2986
669649730 2987
669649736 2988
669666822 2989
669670654 2990
669675454 2991
669744300 2992
669965108 2993
669977676 2994
669978138 2995
669990380 2996
670003592 2997
670020922 2998
670024927 2999
670089878 3000
670115770 3001
670353202 3002
670353384 3003
670357457 3004
670357655 3005
670362225 3006
670370149 3007
670370239 3008
670431030 3009
670435003 3010
670435566 3011
670452932 3012
670651346 3013
670681593 3014
670690090 3015
670703141 3016
670772147 3017
670776253 3018
670776480 3019
670785345 3020
670810688 3021
670883838 3022
671035328 3023
671130857 3024
671143850 3025
671234167 3026
671345931 3027
671393987 3028
671449467 3029
671462984 3030
671484332 3031
671657343 3032
671660941 3033
671751354 3034
671756253 3035
671795298 3036
672002621 3037
672041363 3038
672058109 3039
672092798 3040
672149658 3041
672157925 3042
672192070 3043
672390849 3044
672407642 3045
672429275 3046
672490308 3047
672491097 3048
672494647 3049
672494995 3050
672598344 3051
672697926 3052
672723441 3053
672809472 3054
672835284 3055
672840327 3056
672840346 3057
673047760 3058
673068602 3059
673072771 3060
673072855 3061
673073015 3062
673077361 3063
673085197 3064
673085574 3065
673090000 3066
673158826 3067
673181026 3068
673185488 3069
673189141 3070
673405506 3071
673413730 3072
673414084 3073
673418040 3074
673418284 3075
673426911 3076
673426956 3077
673435566 3078
673509195 3079
673513595 3080
673513680 3081
673518025 3082
673518160 3083
673702721 3084
673741976 3085
673746277 3086
673746538 3087
673755123 3088
673758836 3089
673763861 3090
673772212 3091
673772244 3092
673772290 3093
673776769 3094
673841414 3095
673845326 3096
673863199 3097
673867913 3098
674069555 3099
674096140 3100
674108632 3101
674108802 3102
674186774 3103
674195925 3104
674196015 3105
674199553 3106
674200163 3107
674423996 3108
674427795 3109
674446014 3110
674519060 3111
674532291 3112
674532453 3113
674540638 3114
674541239 3115
674545602 3116
674549878 3117
674554589 3118
674558711 3119
674760695 3120
674760884 3121
674781866 3122
674807824 3123
674882237 3124
674882250 3125
674882302 3126
674886219 3127
674886247 3128
674886426 3129
674890909 3130
674903997 3131
675097613 3132
675119034 3133
675127699 3134
675127915 3135
675136878 3136
675144908 3137
675144948 3138
675148961 3139
675153151 3140
675166212 3141
675187509 3142
675187531 3143
675187558 3144
675187572 3145
675187643 3146
675214755 3147
675227374 3148
675244095 3149
675244636 3150
675245573 3151
675442851 3152
675447609 3153
675451588 3154
675455751 3155
675468771 3156
675490204 3157
675490252 3158
675528661 3159
675551068 3160
675555065 3161
675567895 3162
675568335 3163
675577227 3164
675577297 3165
675590677 3166
675767414 3167
675779986 3168
675800740 3169
675800901 3170
675809746 3171
675809900 3172
675822559 3173
675822802 3174
675835107 3175
675883268 3176
675887521 3177
675896290 3178
675913699 3179
676133767 3180
676138357 3181
676262737 3182
676263463 3183
676263706 3184
676479156 3185
676479217 3186
676604409 3187
676604635 3188
676802870 3189
676824431 3190
695469100 3191
695500178 3192
696617609 3193
696617614 3194
696846594 3195
696950427 3196
697265869 3197
697269889 3198
697316795 3199
697640740 3200
697939194 3201
697977988 3202
698224251 3203
698314499 3204
698331117 3205
698443880 3206
698646654 3207
698742094 3208
698772143 3209
698979607 3210
698996246 3211
699031185 3212
699178922 3213
699358695 3214
699363923 3215
699463239 3216
699665498 3217
699687305 3218
699695617 3219
699752330 3220
699998408 3221
700037217 3222
700144964 3223
700335140 3224
700347500 3225
700356592 3226
700377995 3227
700442663 3228
700472947 3229
700481649 3230
700486220 3231
700658962 3232
700683875 3233
700792608 3234
700801298 3235
700805759 3236
700982749 3237
701147064 3238
701151126 3239
701345660 3240
701371011 3241
701383309 3242
701469455 3243
701470006 3244
701501142 3245
701522843 3246
701733434 3247
701742479 3248
701815702 3249
701815778 3250
701824508 3251
702069970 3252
702079023 3253
702079135 3254
702152113 3255
702161043 3256
702199343 3257
702389193 3258
702493502 3259
702506536 3260
702506641 3261
702511002 3262
702730227 3263
702730249 3264
702739659 3265
702760612 3266
702760942 3267
702765785 3268
702843399 3269
702843625 3270
702847749 3271
702847835 3272
702847867 3273
702882168 3274
703050435 3275
703059097 3276
703101952 3277
703106626 3278
703179782 3279
703179848 3280
703188115 3281
703188128 3282
703193246 3283
703193255 3284
703196977 3285
703387200 3286
703421315 3287
703438567 3288
703520780 3289
703520999 3290
703702863 3291
703740639 3292
703779386 3293
703792184 3294
703857506 3295
703857634 3296
703857647 3297
703865775 3298
703866010 3299
703866312 3300
703900244 3301
704078253 3302
704094972 3303
704111734 3304
704116248 3305
704129001 3306
704181203 3307
704211066 3308
704216501 3309
704453006 3310
704466265 3311
704526371 3312
704543953 3313
704548170 3314
704548262 3315
704548608 3316
704552421 3317
704557115 3318
704561517 3319
704583323 3320
704785058 3321
704785187 3322
704785256 3323
704785546 3324
704798196 3325
704816317 3326
704880173 3327
704880200 3328
704889031 3329
704893525 3330
705117582 3331
705118017 3332
705139000 3333
705217250 3334
705225742 3335
705229969 3336
705230543 3337
705234668 3338
705243748 3339
705243820 3340
705454177 3341
705462899 3342
705463175 3343
705463539 3344
705471952 3345
705554290 3346
705554385 3347
705558104 3348
705571469 3349
705575832 3350
705579678 3351
705589058 3352
705597377 3353
705787638 3354
705795727 3355
705816818 3356
705921032 3357
705925937 3358
705934237 3359
705934295 3360
705938591 3361
706145536 3362
706176085 3363
706274906 3364
706275406 3365
706279208 3366
706279799 3367
706283812 3368
706451920 3369
706473389 3370
706508078 3371
706520453 3372
706590422 3373
706602555 3374
706607701 3375
706616140 3376
706780344 3377
706819341 3378
706862579 3379
706935923 3380
706948318 3381
706948943 3382
706952287 3383
706952549 3384
706965816 3385
707190304 3386
707190771 3387
707303341 3388
707539688 3389
707622246 3390
707626940 3391
707627039 3392
707837502 3393
707854620 3394
707854989 3395
707858790 3396
707863263 3397
707958716 3398
707962822 3399
708187441 3400
708208811 3401
708545526 3402
7112613360 3403
7112613371 3404
7112622044 3405
7112624947 3406
7112624972 3407
7112625063 3408
7112625115 3409
7112625126 3410
7112625282 3411
725701350 3412
727260872 3413
727276708 3414
727929407 3415
727968539 3416
728625156 3417
728667734 3418
728974338 3419
728995438 3420
729007932 3421
729007988 3422
729358056 3423
729362386 3424
729677428 3425
729698580 3426
729698667 3427
729811378 3428
729867599 3429
729997357 3430
730001920 3431
730006122 3432
730013818 3433
730104740 3434
730118077 3435
730131007 3436
730147829 3437
730147972 3438
730148003 3439
730165570 3440
730368076 3441
730398148 3442
730398229 3443
730454511 3444
730475736 3445
730493835 3446
730497472 3447
730687491 3448
730692294 3449
730709173 3450
730717696 3451
730721558 3452
730730860 3453
730743732 3454
730843416 3455
730843612 3456
731062953 3457
731071789 3458
731140809 3459
731145160 3460
731357364 3461
731434251 3462
731482010 3463
731494823 3464
731524779 3465
731525563 3466
731688775 3467
731689147 3468
732034854 3469
732059827 3470
732064546 3471
732077752 3472
732082028 3473
732086360 3474
732159588 3475
732163357 3476
732177096 3477
732189964 3478
732431788 3479
732487987 3480
732518846 3481
732777416 3482
732885054 3483
733100946 3484
733182574 3485
733192083 3486
733203990 3487
733204605 3488
733399215 3489
733433426 3490
733458828 3491
733796382 3492
733834095 3493
733873838 3494
734088804 3495
734132592 3496
734223288 3497
734327429 3498
734408687 3499
734460065 3500
734460720 3501
734473582 3502
734491001 3503
734547253 3504
734551239 3505
734599550 3506
734754585 3507
734814622 3508
734892616 3509
734901302 3510
735091236 3511
735134301 3512
735250563 3513
735487570 3514
735488299 3515
735509967 3516
735569882 3517
735582897 3518
735772860 3519
735941254 3520
735941543 3521
736109737 3522
736140238 3523
736157288 3524
736174181 3525
736265297 3526
736286550 3527
736291275 3528
736433303 3529
736498255 3530
736502411 3531
736506940 3532
736507123 3533
736597546 3534
736614555 3535
736615092 3536
736618725 3537
736619385 3538
736627575 3539
736779340 3540
736791573 3541
736830579 3542
736860990 3543
736942972 3544
736943136 3545
736951485 3546
736969264 3547
737189212 3548
737231959 3549
737300958 3550
737486877 3551
737491049 3552
737491087 3553
737512824 3554
737607638 3555
737646604 3556
737819547 3557
737824168 3558
737832306 3559
737892940 3560
737970549 3561
737979073 3562
738246510 3563
738652131 3564
738656719 3565
738876690 3566
738876801 3567
738886042 3568
738989372 3569
739002063 3570
739006671 3571
739213376 3572
739226403 3573
739256609 3574
739343385 3575
739567785 3576
739572008 3577
739917109 3578
756623488 3579
757538997 3580
758296423 3581
758674661 3582
758955666 3583
758977730 3584
758990648 3585
759633968 3586
759667315 3587
759681018 3588
759991385 3589
760021137 3590
760034514 3591
760268555 3592
760323253 3593
760358472 3594
760397191 3595
760397222 3596
760487313 3597
760690116 3598
760729207 3599
760733648 3600
760733959 3601
760798618 3602
760806798 3603
760821030 3604
760828908 3605
760845715 3606
761040902 3607
761044410 3608
761083880 3609
761096077 3610
761165432 3611
761182838 3612
761489398 3613
761537199 3614
761744194 3615
761843188 3616
762037782 3617
762058745 3618
762111368 3619
762171741 3620
762184774 3621
762210257 3622
762215286 3623
762274975 3624
762525634 3625
762525980 3626
762526201 3627
762534597 3628
762745906 3629
762745957 3630
762857726 3631
762857949 3632
762871258 3633
763086729 3634
763116783 3635
763116811 3636
763121116 3637
763186493 3638
763448955 3639
763470548 3640
763544185 3641
763807876 3642
763863652 3643
763889196 3644
763890535 3645
764144161 3646
764144274 3647
764148834 3648
764153172 3649
764222141 3650
764412104 3651
764463233 3652
764480568 3653
764817903 3654
764843860 3655
764904200 3656
765145895 3657
765245188 3658
765271846 3659
765495592 3660
765504308 3661
765517214 3662
765564814 3663
765590602 3664
765611896 3665
765823131 3666
765828288 3667
765858328 3668
765870889 3669
765931172 3670
765970508 3671
766126400 3672
766186252 3673
766190829 3674
766255970 3675
766281447 3676
766298734 3677
766303244 3678
766303415 3679
766385551 3680
766505428 3681
766596941 3682
766635463 3683
766653726 3684
766657850 3685
766838498 3686
766863785 3687
766864238 3688
766898803 3689
766958676 3690
766963432 3691
766972501 3692
766972529 3693
766980905 3694
766994128 3695
766998635 3696
767309009 3697
767313008 3698
767313151 3699
767317361 3700
767317461 3701
767321428 3702
767329844 3703
767455273 3704
767473384 3705
767541763 3706
767550563 3707
767615925 3708
767641269 3709
767662994 3710
767903933 3711
767904550 3712
767964866 3713
767982148 3714
767995425 3715
768253675 3716
768301292 3717
768323661 3718
768336083 3719
768341026 3720
768349342 3721
768538968 3722
768590452 3723
768672317 3724
768673135 3725
768677597 3726
768932330 3727
768935840 3728
768983660 3729
769000432 3730
769000618 3731
769000814 3732
769018494 3733
769022355 3734
769039805 3735
769039951 3736
769048155 3737
769195048 3738
769199010 3739
769263962 3740
769264367 3741
769268002 3742
769277177 3743
769350533 3744
769355285 3745
769377106 3746
769553073 3747
769670101 3748
769682628 3749
769691157 3750
769718055 3751
769924974 3752
769937253 3753
770036920 3754
770041705 3755
770249286 3756
770395472 3757
789130596 3758
789398359 3759
789726348 3760
790405385 3761
790417325 3762
790417660 3763
790520994 3764
790641825 3765
790741191 3766
790741674 3767
790745816 3768
790754734 3769
790982851 3770
791043906 3771
791090597 3772
791371842 3773
791384849 3774
791406204 3775
791427589 3776
791457874 3777
791527493 3778
792062042 3779
792113805 3780
792113994 3781
792175182 3782
792450754 3783
792515974 3784
792692885 3785
792800570 3786
792908892 3787
793115804 3788
793128475 3789
793448088 3790
793590678 3791
793595621 3792
793728667 3793
793797279 3794
793892682 3795
793905507 3796
794088227 3797
794225197 3798
794246765 3799
794256078 3800
794406234 3801
794462286 3802
794466376 3803
794574805 3804
794829195 3805
794837606 3806
794919689 3807
794919972 3808
794920152 3809
794945765 3810
794946803 3811
794967711 3812
795187525 3813
795200864 3814
795541800 3815
795546494 3816
795606987 3817
795641312 3818
795814655 3819
795826923 3820
795874440 3821
795943400 3822
795943633 3823
795982766 3824
796193592 3825
796210710 3826
796232909 3827
796288875 3828
796301840 3829
796393522 3830
796543393 3831
796551956 3832
796599303 3833
796616551 3834
796617009 3835
796651131 3836
796755936 3837
796889169 3838
796992363 3839
797014340 3840
797194962 3841
797216612 3842
797255293 3843
797277919 3844
797281464 3845
797282094 3846
797545148 3847
797558130 3848
797562316 3849
797643990 3850
797644437 3851
797661937 3852
797661983 3853
797929588 3854
797981213 3855
797989902 3856
798002859 3857
798322393 3858
798352235 3859
798593797 3860
798667256 3861
798849134 3862
798935342 3863
798939240 3864
799263200 3865
799272106 3866
799521639 3867
799578347 3868
799586652 3869
799613077 3870
799634618 3871
799721287 3872
799868224 3873
799919294 3874
799945378 3875
799949394 3876
800018427 3877
800212579 3878
800212976 3879
800233950 3880
800238269 3881
800264315 3882
800303089 3883
800312353 3884
800368659 3885
800373114 3886
800390041 3887
800579638 3888
800588608 3889
800618162 3890
800622401 3891
800704780 3892
800925392 3893
800937779 3894
800964211 3895
801068349 3896
801257348 3897
801279493 3898
801283077 3899
801399904 3900
801404810 3901
801434494 3902
801671616 3903
801970070 3904
817044778 3905
819725372 3906
820856412 3907
821418392 3908
821444004 3909
821686394 3910
821703262 3911
821728921 3912
821729208 3913
821729315 3914
821729349 3915
821729374 3916
821780859 3917
822078542 3918
822099901 3919
822376419 3920
822380754 3921
822428009 3922
822461999 3923
822505389 3924
822531203 3925
822531456 3926
822562470 3927
822833681 3928
822863807 3929
822907387 3930
823015627 3931
823058891 3932
823144842 3933
823209397 3934
823852745 3935
823879266 3936
823913632 3937
824115747 3938
824128501 3939
824245550 3940
824263198 3941
824275830 3942
824349873 3943
824436554 3944
824457714 3945
824470535 3946
824565895 3947
824823498 3948
824823860 3949
825182392 3950
825186389 3951
825278007 3952
825294962 3953
825489724 3954
825518758 3955
825618641 3956
825644302 3957
825821898 3958
825822254 3959
825989433 3960
825993580 3961
826136822 3962
826567700 3963
826615735 3964
826659627 3965
826844892 3966
826952354 3967
826957102 3968
827016935 3969
827198933 3970
827207454 3971
827323331 3972
827367235 3973
827526960 3974
827673856 3975
827889434 3976
827889523 3977
827893839 3978
827911067 3979
828027702 3980
828234642 3981
828282250 3982
828316115 3983
828316308 3984
828316322 3985
828316734 3986
828359246 3987
828592924 3988
828597380 3989
828627440 3990
828631166 3991
828658169 3992
828662384 3993
828683848 3994
828696781 3995
828705781 3996
828929097 3997
828934059 3998
828955389 3999
828963747 4000
829020447 4001
829024965 4002
829050526 4003
829261936 4004
829279239 4005
829365719 4006
829542849 4007
829636950 4008
829645793 4009
829693574 4010
829697614 4011
829706709 4012
829745114 4013
830034406 4014
830301923 4015
830306703 4016
830384451 4017
830634936 4018
830665034 4019
830950541 4020
830979737 4021
831057494 4022
831291329 4023
831295271 4024
831321033 4025
831325065 4026
831451599 4027
831955277 4028
832007501 4029
832011303 4030
832012249 4031
832016427 4032
832081349 4033
832106535 4034
832107249 4035
832111288 4036
832133283 4037
832301110 4038
832357089 4039
832456945 4040
832646151 4041
832780447 4042
832788806 4043
833017692 4044
833025924 4045
833030138 4046
833043564 4047
850181951 4048
851110676 4049
851114700 4050
852422640 4051
852479643 4052
852763122 4053
852820285 4054
852897751 4055
853173648 4056
853238466 4057
853428443 4058
853437941 4059
853514696 4060
854861445 4061
854883067 4062
854953009 4063
855147657 4064
855181776 4065
855211157 4066
855493136 4067
855630800 4068
855638407 4069
856549718 4070
856662567 4071
856666448 4072
856670426 4073
857235574 4074
857538779 4075
857715717 4076
858453703 4077
858587718 4078
858604252 4079
858604499 4080
858608636 4081
858730688 4082
858738615 4083
858906840 4084
858907062 4085
858928511 4086
858933153 4087
859083245 4088
859265651 4089
859269976 4090
859277690 4091
859277955 4092
859377417 4093
859381489 4094
859554255 4095
859619198 4096
859665971 4097
859666136 4098
859688555 4099
859714144 4100
859736554 4101
859977121 4102
860305498 4103
860314660 4104
860318176 4105
860395984 4106
861005020 4107
861061095 4108
861065482 4109
861073717 4110
861078616 4111
861251038 4112
861251942 4113
861341500 4114
861372060 4115
861583205 4116
861665641 4117
861708626 4118
861769826 4119
862010850 4120
862014446 4121
862023125 4122
862036858 4123
862053324 4124
862278897 4125
862386599 4126
862671913 4127
862697175 4128
862705302 4129
862705904 4130
862722715 4131
862787861 4132
863024591 4133
863059358 4134
863154484 4135
863340110 4136
863460836 4137
863496317 4138
863500820 4139
863504548 4140
863698974 4141
863711565 4142
863728315 4143
863815503 4144
863841743 4145
864048288 4146
864048361 4147
864048523 4148
864070221 4149
864073833 4150
864074389 4151
864082741 4152
864169621 4153
864385219 4154
864411332 4155
864738493 4156
881220948 4157
882239837 4158
882580620 4159
882922539 4160
883121695 4161
883177120 4162
883500704 4163
884123412 4164
884204783 4165
884269218 4166
884273795 4167
884320493 4168
884484964 4169
884498779 4170
884636075 4171
884782757 4172
884921013 4173
885253534 4174
885257938 4175
885262090 4176
885262118 4177
885262311 4178
885603106 4179
886259327 4180
886328403 4181
886552797 4182
887015314 4183
887230673 4184
887247648 4185
887278376 4186
887373885 4187
887377287 4188
887588829 4189
887640858 4190
887921032 4191
888146447 4192
888577052 4193
888577071 4194
888935605 4195
888978890 4196
889863729 4197
889975909 4198
890092483 4199
890197225 4200
890287086 4201
890352070 4202
890425079 4203
890619489 4204
890671753 4205
890709439 4206
890801251 4207
891349160 4208
891409875 4209
891474688 4210
891663788 4211
891689909 4212
891771553 4213
892109219 4214
892376241 4215
892376440 4216
892376720 4217
892385258 4218
892398461 4219
892722090 4220
892794705 4221
892997744 4222
893080047 4223
893136529 4224
893136905 4225
893338771 4226
893421054 4227
893460787 4228
893490555 4229
893515939 4230
893710296 4231
893723183 4232
893741163 4233
893754136 4234
893858151 4235
894020730 4236
894163829 4237
894168625 4238
894172798 4239
894362173 4240
894380152 4241
894422413 4242
894500674 4243
894534421 4244
894539977 4245
894551935 4246
894702888 4247
894707517 4248
894724798 4249
894849965 4250
894867675 4251
895091952 4252
895100374 4253
895186781 4254
895441451 4255
895535909 4256
895778605 4257
895791663 4258
910451489 4259
911569552 4260
912583959 4261
912951014 4262
913681721 4263
913810052 4264
914298735 4265
914466864 4266
914665176 4267
914778159 4268
914846465 4269
914850280 4270
915188031 4271
915273417 4272
915299337 4273
915503330 4274
915520244 4275
915605802 4276
915605943 4277
915610561 4278
915615021 4279
915623395 4280
915627746 4281
915913039 4282
915946994 4283
915951309 4284
915960293 4285
915960391 4286
915964748 4287
915981352 4288
916228169 4289
916288408 4290
916296860 4291
916318415 4292
916456567 4293
916569113 4294
916629686 4295
916637896 4296
916646779 4297
916655865 4298
917298286 4299
917643796 4300
917708225 4301
917727045 4302
917919724 4303
918624025 4304
918969339 4305
919168397 4306
919448450 4307
919624822 4308
919672588 4309
919763043 4310
920057227 4311
920091866 4312
920108605 4313
920652764 4314
920657321 4315
920665877 4316
920708433 4317
920738998 4318
920869856 4319
920873167 4320
920951427 4321
920994088 4322
920994194 4323
921015773 4324
921115029 4325
921132358 4326
921438848 4327
921456248 4328
921456312 4329
921667198 4330
921684387 4331
921757789 4332
921814579 4333
922012309 4334
922064306 4335
922069357 4336
922073305 4337
922138567 4338
922146751 4339
922302296 4340
922465929 4341
922595498 4342
922643119 4343
922733254 4344
922815552 4345
922992588 4346
923027316 4347
923131004 4348
923415956 4349
923437549 4350
923752335 4351
923761285 4352
924049792 4353
924429714 4354
924737391 4355
924788221 4356
925052149 4357
925077617 4358
925090871 4359
925228998 4360
925241334 4361
925465972 4362
925548084 4363
925789667 4364
925799233 4365
925803065 4366
925811326 4367
925824977 4368
925876806 4369
925880305 4370
925885748 4371
926238920 4372
926490072 4373
926584037 4374
940791248 4375
945354221 4376
945894581 4377
945928585 4378
946274518 4379
946300206 4380
946300310 4381
946308462 4382
946619892 4383
946990515 4384
947003647 4385
947357688 4386
947391929 4387
947573616 4388
947582284 4389
947681334 4390
947681560 4391
947681574 4392
947685488 4393
947685653 4394
947754897 4395
947858895 4396
947862945 4397
947898091 4398
948260484 4399
948626958 4400
948648575 4401
948851462 4402
948997964 4403
949313055 4404
949347931 4405
950003666 4406
950349500 4407
950659823 4408
950768550 4409
951165633 4410
951381283 4411
951398596 4412
951645198 4413
951670988 4414
951727279 4415
951738965 4416
951808062 4417
951842874 4418
952154184 4419
952158884 4420
952166744 4421
952374245 4422
952525648 4423
952723817 4424
952724101 4425
952736870 4426
952836562 4427
953013850 4428
953039761 4429
953103667 4430
953410147 4431
953414780 4432
953755666 4433
953764033 4434
953855039 4435
954126293 4436
954187572 4437
954222134 4438
954705691 4439
955464899 4440
955888209 4441
956126012 4442
956212778 4443
956518968 4444
956519212 4445
956575157 4446
956575249 4447
956799330 4448
956799414 4449
956820619 4450
956820684 4451
957136611 4452
957157217 4453
957485415 4454
957490056 4455
957856547 4456
958197533 4457
974456295 4458
975197713 4459
976934253 4460
976964834 4461
976994022 4462
977002560 4463
977002744 4464
977006924 4465
977046327 4466
977335062 4467
977338882 4468
977339122 4469
977339225 4470
977339390 4471
977352235 4472
977413163 4473
977598865 4474
977697611 4475
977736804 4476
978056035 4477
978068779 4478
978366493 4479
978681977 4480
978686129 4481
978971398 4482
979001183 4483
979052812 4484
979066072 4485
979368408 4486
980684732 4487
980697872 4488
980978890 4489
980982986 4490
981000564 4491
981129593 4492
981333558 4493
982070626 4494
982079951 4495
982148129 4496
982389963 4497
982416230 4498
982540894 4499
982718586 4500
982722899 4501
982856062 4502
983063787 4503
983067799 4504
983093876 4505
983202377 4506
983426636 4507
983430664 4508
983460640 4509
983522047 4510
983750516 4511
983759126 4512
983767417 4513
983767602 4514
983771898 4515
983888897 4516
983905050 4517
984536209 4518
984799284 4519
984799376 4520
984833702 4521
985481222 4522
985481565 4523
985485221 4524
985510931 4525
985805061 4526
985822469 4527
985839488 4528
986089634 4529
986094132 4530
986098785 4531
986621628 4532
986828383 4533
986879849 4534
986974738 4535
987117151 4536
987190785 4537
987272562 4538
987273073 4539
987833765 4540
987834099 4541
987842109 4542
987877232 4543
987942060 4544
988269593 4545
988291460 4546
988567837 4547
988909130 4548
989228019 4549
